2 0.06396484375 0.3212890625 0.119140625 0.3470052083333333
2 0.25732421875 0.31640625 0.2060546875 0.3372395833333333
2 0.491455078125 0.326171875 0.22607421875 0.3372395833333333
2 0.716796875 0.3333333333333333 0.216796875 0.34244791666666663
2 0.240966796875 0.6927083333333333 0.23876953125 0.36197916666666663
2 0.494384765625 0.6878255208333333 0.23486328125 0.361328125
2 0.734130859375 0.6852213541666666 0.21533203125 0.35221354166666663
2 0.9228515625 0.6852213541666666 0.14453125 0.337890625
2 0.06201171875 0.6998697916666666 0.1083984375 0.3515625
2 0.261962890625 0.0791015625 0.21142578125 0.15690104166666666
2 0.488037109375 0.0751953125 0.20068359375 0.14908854166666666
3 0.711181640625 0.080078125 0.20263671875 0.15885416666666666
