2 0.2152051488334674 0.1659619450317125 0.22928399034593724 0.20084566596194503
2 0.917940466613033 0.1631430584918957 0.164119066773934 0.20366455250176183
2 0.7658889782783588 0.6028893587033122 0.28962188254223653 0.2374911909795631
2 0.7948511665325824 0.8544749823819592 0.32180209171359614 0.2670894996476392
2 0.5241351568785196 0.8579985905567301 0.2904263877715205 0.2670894996476392
3 0.46178600160901045 0.16138125440451023 0.25744167337087687 0.20295983086680763
3 0.7216411906677392 0.15750528541226216 0.25744167337087687 0.2022551092318534
3 0.740144810941271 0.3713883016208598 0.2735317779565567 0.22128259337561665
3 0.4883346741753821 0.3724453840732911 0.2735317779565567 0.22057787174066246
3 0.2248592115848753 0.3787878787878788 0.25663716814159293 0.22057787174066246
3 0.23089300080450523 0.6106412966878083 0.2719227674979887 0.23890063424947147
3 0.2397425583266291 0.8636363636363636 0.2831858407079646 0.2656800563777308
3 0.4895414320193081 0.6071176885130374 0.2711182622687047 0.23890063424947147
