2 0.15869140625 0.15852864583333331 0.21875 0.3157552083333333
2 0.378662109375 0.158203125 0.21923828125 0.31510416666666663
2 0.59033203125 0.15006510416666666 0.2099609375 0.298828125
2 0.79736328125 0.17024739583333331 0.2099609375 0.3001302083333333
2 0.15625 0.47526041666666663 0.2099609375 0.29947916666666663
2 0.379638671875 0.4739583333333333 0.20947265625 0.29947916666666663
2 0.595458984375 0.4593098958333333 0.21337890625 0.3118489583333333
2 0.8076171875 0.4755859375 0.212890625 0.28971354166666663
2 0.146728515625 0.7952473958333333 0.22705078125 0.32486979166666663
2 0.385498046875 0.7897135416666666 0.22900390625 0.31640625
2 0.603271484375 0.7789713541666666 0.22900390625 0.31705729166666663
2 0.821044921875 0.7750651041666666 0.22900390625 0.31705729166666663
