3 0.5286458333333333 0.590087890625 0.3919270833333333 0.35791015625
3 0.865234375 0.5888671875 0.26953125 0.357421875
3 0.8688151041666666 0.254638671875 0.26236979166666663 0.32373046875
3 0.5423177083333333 0.251953125 0.37890625 0.3203125
3 0.5436197916666666 0.044921875 0.37369791666666663 0.0888671875
3 0.8655598958333333 0.044921875 0.267578125 0.0888671875
3 0.33072916666666663 0.147705078125 0.06510416666666666 0.09228515625
3 0.2294921875 0.56640625 0.111328125 0.1064453125
2 0.2392578125 0.35986328125 0.11002604166666666 0.1044921875
2 0.23274739583333331 0.46240234375 0.10872395833333333 0.10546875
2 0.326171875 0.24951171875 0.05598958333333333 0.1083984375
2 0.3206380208333333 0.357421875 0.052734375 0.1044921875
2 0.3196614583333333 0.46240234375 0.046875 0.1083984375
2 0.310546875 0.569580078125 0.05078125 0.10888671875
