2 0.1 0.13013698630136986 0.19130434782608696 0.2328767123287671
2 0.30217391304347824 0.1324200913242009 0.1956521739130435 0.2374429223744292
2 0.5 0.1278538812785388 0.19130434782608696 0.2374429223744292
2 0.6978260869565217 0.1278538812785388 0.1956521739130435 0.2465753424657534
2 0.8956521739130435 0.12100456621004566 0.2 0.2328767123287671
2 0.10434782608695653 0.37671232876712324 0.2 0.2328767123287671
2 0.30434782608695654 0.37671232876712324 0.19130434782608696 0.2420091324200913
2 0.5 0.37671232876712324 0.2 0.2420091324200913
2 0.7065217391304348 0.3744292237442922 0.1956521739130435 0.2465753424657534
2 0.8956521739130435 0.36757990867579904 0.19130434782608696 0.2511415525114155
2 0.10434782608695653 0.6210045662100456 0.2 0.228310502283105
2 0.29782608695652174 0.6278538812785388 0.1956521739130435 0.2328767123287671
2 0.5 0.6255707762557077 0.2 0.2374429223744292
2 0.7065217391304348 0.6278538812785388 0.1956521739130435 0.2328767123287671
2 0.9 0.6278538812785388 0.1826086956521739 0.2420091324200913
2 0.1 0.8744292237442922 0.19130434782608696 0.2420091324200913
2 0.30434782608695654 0.8744292237442922 0.20869565217391306 0.2511415525114155
2 0.5043478260869565 0.8698630136986301 0.2 0.2511415525114155
2 0.7065217391304348 0.8744292237442922 0.1956521739130435 0.2511415525114155
2 0.9021739130434783 0.8721461187214612 0.18695652173913044 0.2465753424657534
