2 0.2718545751633987 0.0862438725490196 0.21119281045751634 0.16697303921568626
2 0.21609477124183007 0.7296262254901961 0.2589869281045752 0.25214460784313725
2 0.5477941176470589 0.08348651960784313 0.2107843137254902 0.16636029411764705
2 0.2604166666666667 0.27527573529411764 0.2340686274509804 0.1871936274509804
2 0.5455473856209151 0.27129289215686275 0.2340686274509804 0.1871936274509804
2 0.8404820261437909 0.1289828431372549 0.24877450980392157 0.16973039215686275
2 0.8656045751633987 0.31173406862745096 0.2687908496732026 0.18903186274509803
2 0.8656045751633987 0.5139399509803921 0.2687908496732026 0.20986519607843138
2 0.8850081699346406 0.7400428921568627 0.22998366013071897 0.234375
2 0.5602532679738562 0.7239583333333334 0.25857843137254904 0.25183823529411764
2 0.23733660130718956 0.48943014705882354 0.2573529411764706 0.21170343137254902
2 0.5543300653594772 0.4802389705882353 0.2573529411764706 0.21170343137254902
