3 0.36588541666666663 0.19921875 0.1640625 0.13671875
3 0.18294270833333331 0.65283203125 0.1640625 0.13671875
3 0.7161458333333333 0.661865234375 0.1640625 0.13623046875
3 0.7102864583333333 0.393310546875 0.1640625 0.13623046875
2 0.5445963541666666 0.205078125 0.162109375 0.1376953125
2 0.3636067708333333 0.348876953125 0.162109375 0.13818359375
2 0.5397135416666666 0.347900390625 0.16145833333333331 0.13818359375
2 0.36328125 0.496826171875 0.16145833333333331 0.13818359375
2 0.361328125 0.6533203125 0.16015625 0.150390625
2 0.53515625 0.6591796875 0.16015625 0.150390625
2 0.7076822916666666 0.5283203125 0.15364583333333331 0.1376953125
3 0.5338541666666666 0.498291015625 0.16015625 0.14404296875
