2 0.11870503597122303 0.3342541436464088 0.11510791366906475 0.19337016574585636
2 0.3489208633093525 0.32320441988950277 0.11510791366906475 0.2154696132596685
2 0.4712230215827338 0.30939226519337015 0.11510791366906475 0.22099447513812154
2 0.7140287769784173 0.287292817679558 0.12589928057553956 0.22099447513812154
2 0.710431654676259 0.5082872928176796 0.12589928057553956 0.22099447513812154
2 0.7050359712230216 0.7430939226519336 0.12949640287769784 0.23756906077348067
2 0.7014388489208634 0.9337016574585635 0.1223021582733813 0.13259668508287292
2 0.5809352517985612 0.9337016574585635 0.12589928057553956 0.13259668508287292
2 0.45323741007194246 0.9337016574585635 0.1223021582733813 0.13259668508287292
2 0.33093525179856115 0.9337016574585635 0.1223021582733813 0.13259668508287292
2 0.20863309352517986 0.9337016574585635 0.1223021582733813 0.13259668508287292
2 0.09172661870503597 0.93646408839779 0.11151079136690648 0.1270718232044199
2 0.09712230215827339 0.7541436464088398 0.10791366906474821 0.2154696132596685
2 0.33093525179856115 0.7541436464088398 0.1223021582733813 0.2044198895027624
2 0.5809352517985612 0.7458563535911602 0.11870503597122303 0.23204419889502761
2 0.5845323741007195 0.5193370165745856 0.13309352517985612 0.22099447513812154
2 0.460431654676259 0.5276243093922651 0.1223021582733813 0.2154696132596685
2 0.341726618705036 0.5276243093922651 0.1223021582733813 0.2154696132596685
3 0.2302158273381295 0.32320441988950277 0.11510791366906475 0.2154696132596685
3 0.10971223021582735 0.5414364640883977 0.11151079136690648 0.22099447513812154
3 0.2248201438848921 0.5414364640883977 0.11151079136690648 0.22099447513812154
3 0.21402877697841727 0.7541436464088398 0.11151079136690648 0.2154696132596685
3 0.45143884892086333 0.7513812154696132 0.11151079136690648 0.22099447513812154
