2 0.18790849673202614 0.09558823529411764 0.18300653594771243 0.18137254901960784
2 0.36683006535947715 0.1017156862745098 0.17483660130718956 0.19852941176470587
2 0.7295751633986929 0.1017156862745098 0.17483660130718956 0.19852941176470587
2 0.18872549019607843 0.33578431372549017 0.184640522875817 0.27941176470588236
2 0.3709150326797386 0.3382352941176471 0.17647058823529413 0.27450980392156865
2 0.7312091503267975 0.33578431372549017 0.17483660130718956 0.27941176470588236
2 0.5514705882352942 0.3443627450980392 0.18137254901960784 0.2818627450980392
2 0.9117647058823529 0.3370098039215686 0.17320261437908496 0.2818627450980392
2 0.9125816993464052 0.6213235294117647 0.17483660130718956 0.2818627450980392
2 0.9125816993464052 0.8860294117647058 0.17483660130718956 0.22794117647058823
2 0.7263071895424836 0.8860294117647058 0.18137254901960784 0.22794117647058823
2 0.5473856209150327 0.8860294117647058 0.17973856209150327 0.22794117647058823
2 0.36683006535947715 0.8872549019607843 0.17483660130718956 0.22549019607843138
2 0.369281045751634 0.625 0.17320261437908496 0.28431372549019607
2 0.548202614379085 0.6274509803921569 0.18137254901960784 0.27941176470588236
2 0.7320261437908497 0.6323529411764706 0.17320261437908496 0.27941176470588236
3 0.049836601307189546 0.09313725490196079 0.09313725490196079 0.18137254901960784
3 0.04656862745098039 0.3321078431372549 0.08986928104575163 0.2916666666666667
3 0.04493464052287582 0.6213235294117647 0.08660130718954248 0.2916666666666667
3 0.04411764705882353 0.8860294117647058 0.08496732026143791 0.22794117647058823
3 0.184640522875817 0.6274509803921569 0.19281045751633988 0.29411764705882354
3 0.18627450980392157 0.8872549019607843 0.1895424836601307 0.22549019607843138
3 0.5514705882352942 0.10049019607843138 0.18790849673202614 0.19607843137254902
3 0.9117647058823529 0.10049019607843138 0.17647058823529413 0.19607843137254902
