2 0.15636363636363637 0.1284153005464481 0.13818181818181818 0.2459016393442623
2 0.15272727272727274 0.3770491803278688 0.13090909090909092 0.24043715846994534
2 0.15272727272727274 0.6092896174863388 0.13818181818181818 0.22404371584699453
2 0.14909090909090908 0.8469945355191257 0.13090909090909092 0.24043715846994534
2 0.045454545454545456 0.8497267759562841 0.08363636363636363 0.23497267759562843
2 0.045454545454545456 0.6147540983606558 0.08363636363636363 0.23497267759562843
2 0.045454545454545456 0.36885245901639346 0.08363636363636363 0.23497267759562843
2 0.04363636363636364 0.12568306010928962 0.08 0.24043715846994534
2 0.28363636363636363 0.1366120218579235 0.08727272727272728 0.14207650273224043
2 0.36727272727272725 0.13934426229508196 0.08 0.1366120218579235
2 0.3654545454545455 0.28415300546448086 0.08363636363636363 0.14207650273224043
2 0.36727272727272725 0.42349726775956287 0.08 0.1366120218579235
2 0.2872727272727273 0.4262295081967213 0.08 0.14207650273224043
2 0.28363636363636363 0.28415300546448086 0.08727272727272728 0.15300546448087432
2 0.2963636363636364 0.6147540983606558 0.13454545454545455 0.22404371584699453
2 0.28909090909090907 0.8442622950819673 0.13454545454545455 0.22404371584699453
2 0.6727272727272727 0.2650273224043716 0.12363636363636364 0.22404371584699453
2 0.4527272727272727 0.8387978142076503 0.06909090909090909 0.14754098360655737
3 0.44545454545454544 0.13934426229508196 0.08363636363636363 0.1366120218579235
3 0.4490909090909091 0.2786885245901639 0.08363636363636363 0.14207650273224043
3 0.4509090909090909 0.4180327868852459 0.08 0.14754098360655737
3 0.4490909090909091 0.5601092896174863 0.07636363636363637 0.14754098360655737
3 0.4509090909090909 0.7049180327868853 0.08 0.13114754098360656
