3 0.2745967741935484 0.19370078740157481 0.23629032258064517 0.36220472440944884
3 0.48870967741935484 0.19763779527559056 0.2064516129032258 0.3826771653543307
3 0.8991935483870968 0.2 0.2 0.3716535433070866
3 0.9 0.5952755905511811 0.2 0.4031496062992126
3 0.6891129032258064 0.5937007874015748 0.2217741935483871 0.40629921259842516
3 0.47661290322580646 0.5818897637795275 0.22258064516129034 0.4078740157480315
3 0.24879032258064515 0.5960629921259842 0.2217741935483871 0.4078740157480315
3 0.23629032258064517 0.8976377952755905 0.22419354838709676 0.2047244094488189
3 0.45403225806451614 0.8976377952755905 0.22419354838709676 0.2047244094488189
3 0.6729838709677419 0.8976377952755905 0.225 0.2047244094488189
3 0.8975806451612903 0.8976377952755905 0.2032258064516129 0.2047244094488189
2 0.7028225806451613 0.19685039370078738 0.20080645161290323 0.3779527559055118
