2 0.07696759259259259 0.08384773662551441 0.14004629629629628 0.15843621399176955
2 0.07253086419753085 0.27957818930041156 0.13580246913580246 0.2299382716049383
2 0.06809413580246913 0.5164609053497943 0.13541666666666666 0.23045267489711935
2 0.2569444444444444 0.5272633744855968 0.16898148148148148 0.23251028806584365
2 0.2561728395061728 0.2880658436213992 0.16898148148148148 0.23251028806584365
2 0.25771604938271603 0.08179012345679013 0.1736111111111111 0.16255144032921812
2 0.6477623456790124 0.08179012345679013 0.1736111111111111 0.16255144032921812
2 0.8518518518518519 0.2587448559670782 0.1720679012345679 0.271604938271605
2 0.8541666666666666 0.5344650205761318 0.1720679012345679 0.271604938271605
2 0.6863425925925926 0.5452674897119342 0.09182098765432098 0.2695473251028807
2 0.6919367283950617 0.29963991769547327 0.09143518518518517 0.2690329218106996
2 0.5069444444444444 0.48894032921810704 0.1898148148148148 0.34310699588477367
