3 0.11279296875 0.1064453125 0.1376953125 0.18815104166666666
3 0.261962890625 0.1103515625 0.13720703125 0.18815104166666666
3 0.41650390625 0.1064453125 0.1376953125 0.18815104166666666
3 0.57275390625 0.1025390625 0.1376953125 0.18815104166666666
3 0.099853515625 0.31119791666666663 0.13720703125 0.1875
3 0.08447265625 0.5270182291666666 0.1376953125 0.18815104166666666
3 0.072021484375 0.7633463541666666 0.13232421875 0.21549479166666666
3 0.235595703125 0.7646484375 0.13232421875 0.21549479166666666
3 0.578125 0.7535807291666666 0.1328125 0.21549479166666666
3 0.7548828125 0.7613932291666666 0.1552734375 0.228515625
3 0.92041015625 0.7600911458333333 0.1552734375 0.228515625
3 0.244384765625 0.5279947916666666 0.13720703125 0.1875
3 0.41162109375 0.5244140625 0.1376953125 0.18815104166666666
3 0.75244140625 0.5231119791666666 0.1376953125 0.18815104166666666
3 0.916015625 0.5166015625 0.1376953125 0.18815104166666666
3 0.41455078125 0.3089192708333333 0.1376953125 0.18815104166666666
3 0.579833984375 0.31217447916666663 0.13720703125 0.18815104166666666
3 0.73974609375 0.3134765625 0.1376953125 0.18815104166666666
3 0.901611328125 0.30240885416666663 0.13720703125 0.18815104166666666
2 0.256591796875 0.3177083333333333 0.13916015625 0.19010416666666666
2 0.583984375 0.521484375 0.1611328125 0.19270833333333331
2 0.419189453125 0.7626953125 0.16845703125 0.216796875
