3 0.3479020979020979 0.19318181818181818 0.05944055944055944 0.125
3 0.3479020979020979 0.3068181818181818 0.05944055944055944 0.10227272727272728
3 0.5454545454545454 0.2272727272727273 0.055944055944055944 0.11363636363636365
3 0.7097902097902098 0.33238636363636365 0.06993006993006994 0.1534090909090909
3 0.7762237762237763 0.34375 0.06293706293706294 0.1534090909090909
3 0.7115384615384616 0.46590909090909094 0.06643356643356643 0.11363636363636365
3 0.7762237762237763 0.4772727272727273 0.06293706293706294 0.11363636363636365
3 0.34265734265734266 0.40340909090909094 0.055944055944055944 0.11363636363636365
3 0.34440559440559443 0.5170454545454546 0.05944055944055944 0.11363636363636365
3 0.34265734265734266 0.6278409090909091 0.06293706293706294 0.10795454545454546
3 0.28846153846153844 0.39772727272727276 0.06643356643356643 0.125
3 0.2867132867132867 0.5142045454545454 0.055944055944055944 0.10795454545454546
3 0.28846153846153844 0.6335227272727273 0.05944055944055944 0.11931818181818182
3 0.28846153846153844 0.7386363636363636 0.05244755244755245 0.11363636363636365
3 0.28846153846153844 0.8522727272727273 0.05944055944055944 0.11363636363636365
3 0.07167832167832168 0.30965909090909094 0.05244755244755245 0.10795454545454546
3 0.11538461538461539 0.3153409090909091 0.03496503496503497 0.09659090909090909
3 0.06643356643356643 0.39772727272727276 0.04895104895104895 0.07954545454545454
3 0.11713286713286714 0.40340909090909094 0.038461538461538464 0.09090909090909091
3 0.11538461538461539 0.49715909090909094 0.03496503496503497 0.08522727272727273
3 0.06818181818181818 0.48295454545454547 0.05944055944055944 0.11363636363636365
