3 0.193359375 0.17903645833333331 0.1357421875 0.17838541666666666
3 0.3349609375 0.18033854166666666 0.1357421875 0.17838541666666666
3 0.637939453125 0.18815104166666666 0.13525390625 0.17838541666666666
3 0.778076171875 0.19466145833333331 0.13525390625 0.17838541666666666
3 0.923583984375 0.19791666666666666 0.13525390625 0.17838541666666666
3 0.17041015625 0.37565104166666663 0.1357421875 0.17838541666666666
3 0.3232421875 0.37890625 0.1357421875 0.17838541666666666
2 0.053955078125 0.181640625 0.09619140625 0.17838541666666666
3 0.477783203125 0.37760416666666663 0.13525390625 0.17838541666666666
3 0.636962890625 0.388671875 0.13427734375 0.18880208333333331
3 0.789306640625 0.3916015625 0.14404296875 0.19205729166666666
3 0.927734375 0.3876953125 0.14453125 0.19205729166666666
3 0.937744140625 0.6002604166666666 0.12353515625 0.20442708333333331
3 0.945068359375 0.83203125 0.10888671875 0.2421875
3 0.79150390625 0.6005859375 0.154296875 0.212890625
3 0.80859375 0.8330078125 0.154296875 0.212890625
3 0.642333984375 0.8271484375 0.15966796875 0.22721354166666666
2 0.48974609375 0.1875 0.1318359375 0.19010416666666666
3 0.639404296875 0.5944010416666666 0.15966796875 0.22786458333333331
3 0.470458984375 0.5930989583333333 0.15966796875 0.22786458333333331
3 0.317626953125 0.5940755208333333 0.15966796875 0.22721354166666666
3 0.471435546875 0.828125 0.15966796875 0.22786458333333331
2 0.151123046875 0.5904947916666666 0.17822265625 0.21354166666666666
2 0.125244140625 0.8225911458333333 0.19873046875 0.24153645833333331
2 0.312744140625 0.8304036458333333 0.15087890625 0.23763020833333331
