3 0.37050653594771243 0.16115196078431374 0.2630718954248366 0.22794117647058823
2 0.17647058823529413 0.24708946078431374 0.12908496732026145 0.1479779411764706
2 0.17565359477124184 0.39629289215686275 0.12908496732026145 0.1479779411764706
2 0.16809640522875818 0.5488664215686274 0.1294934640522876 0.1479779411764706
2 0.1693218954248366 0.6997549019607843 0.1294934640522876 0.1482843137254902
2 0.16687091503267976 0.8612132352941176 0.13276143790849673 0.16911764705882354
3 0.676062091503268 0.15885416666666666 0.2630718954248366 0.22824754901960784
3 0.37111928104575165 0.38449754901960786 0.26348039215686275 0.22794117647058823
3 0.678921568627451 0.38909313725490197 0.2630718954248366 0.22794117647058823
3 0.372140522875817 0.6237745098039216 0.2687908496732026 0.2426470588235294
3 0.684640522875817 0.6248468137254902 0.2687908496732026 0.2423406862745098
3 0.37050653594771243 0.8760723039215687 0.2687908496732026 0.2423406862745098
3 0.6805555555555556 0.868719362745098 0.2687908496732026 0.2423406862745098
