3 0.5440666204024982 0.25643469971401334 0.4052741151977793 0.4938036224976168
3 0.8764746703678001 0.2578646329837941 0.24566273421235252 0.5138226882745471
3 0.5385149201943095 0.752144899904671 0.4052741151977793 0.4938036224976168
3 0.8740458015267175 0.7564346997140133 0.25190839694656486 0.48713060057197327
2 0.2234559333795975 0.4099142040038131 0.1179736294240111 0.2020972354623451
2 0.21929215822345594 0.6124880838894184 0.1179736294240111 0.20305052430886558
2 0.31852879944483 0.1963775023832221 0.061068702290076333 0.20591039084842708
2 0.3157529493407356 0.4003813155386082 0.061068702290076333 0.20591039084842708
2 0.30707841776544065 0.6086749285033365 0.06037473976405274 0.20686367969494757
2 0.3102012491325468 0.8169685414680647 0.061068702290076333 0.20591039084842708
2 0.21721027064538515 0.8145853193517636 0.12768910478834142 0.21067683508102955
