3 0.12595419847328243 0.2550047664442326 0.2477446217904233 0.5081029551954241
3 0.45593337959750174 0.2550047664442326 0.40111034004163776 0.5081029551954241
3 0.4621790423317141 0.7564346997140133 0.4108258154059681 0.48713060057197327
3 0.12873004857737683 0.7564346997140133 0.25607217210270644 0.48713060057197327
2 0.6821651630811936 0.1882745471877979 0.061068702290076333 0.1992373689227836
2 0.6880638445523941 0.3965681601525262 0.06037473976405274 0.1982840800762631
2 0.6925746009715475 0.6043851286939943 0.061068702290076333 0.1982840800762631
2 0.6915336571825121 0.8179218303145853 0.05898681471200555 0.21163012392755004
2 0.7793199167244969 0.6101048617731173 0.11936155447605828 0.20591039084842708
2 0.7765440666204024 0.41372735938989513 0.11936155447605828 0.20591039084842708
3 0.7886884108258154 0.815538608198284 0.12283136710617626 0.20877025738798854
