2 0.07258064516129033 0.13196125907990316 0.13548387096774195 0.2590799031476998
2 0.22338709677419355 0.13075060532687652 0.15645161290322582 0.2566585956416465
2 0.38306451612903225 0.18765133171912834 0.15645161290322582 0.2590799031476998
2 0.5395161290322581 0.16585956416464892 0.14677419354838708 0.225181598062954
2 0.6854838709677419 0.16707021791767554 0.14193548387096774 0.22760290556900728
2 0.8258064516129032 0.19491525423728814 0.13548387096774195 0.2493946731234867
2 0.9467741935483871 0.20823244552058112 0.1064516129032258 0.2324455205811138
2 0.9516129032258065 0.4394673123486683 0.0967741935483871 0.225181598062954
2 0.9580645161290322 0.6864406779661018 0.08387096774193549 0.26876513317191286
2 0.8290322580645161 0.4491525423728814 0.13548387096774195 0.2493946731234867
2 0.8403225806451613 0.6961259079903148 0.13548387096774195 0.2493946731234867
2 0.8516129032258064 0.9116222760290558 0.14193548387096774 0.17675544794188863
2 0.6838709677419355 0.41888619854721554 0.14838709677419354 0.2566585956416465
2 0.6903225806451613 0.6840193704600485 0.14838709677419354 0.2542372881355932
2 0.6983870967741935 0.9067796610169492 0.16129032258064516 0.1864406779661017
2 0.5387096774193548 0.4043583535108959 0.14516129032258066 0.25181598062953997
2 0.5362903225806451 0.6743341404358354 0.15 0.2784503631961259
2 0.5387096774193548 0.9067796610169492 0.16129032258064516 0.1864406779661017
2 0.3790322580645161 0.437046004842615 0.15806451612903225 0.2397094430992736
2 0.37983870967741934 0.7009685230024213 0.1532258064516129 0.28329297820823246
2 0.37983870967741934 0.9200968523002422 0.15645161290322582 0.15980629539951574
2 0.21854838709677418 0.39588377723970947 0.15645161290322582 0.26876513317191286
2 0.21451612903225806 0.6791767554479419 0.17096774193548386 0.28329297820823246
2 0.06612903225806452 0.39951573849878935 0.12903225806451613 0.28087167070217917
2 0.06612903225806452 0.6828087167070218 0.12903225806451613 0.28087167070217917
2 0.05967741935483871 0.9152542372881356 0.11612903225806452 0.16949152542372883
3 0.20967741935483872 0.9092009685230025 0.17096774193548386 0.17675544794188863
