2 0.12418300653594772 0.20036764705882354 0.24754901960784315 0.17708333333333334
2 0.11968954248366014 0.3988970588235294 0.238562091503268 0.20526960784313725
2 0.11499183006535948 0.6153492647058824 0.22916666666666669 0.2184436274509804
2 0.5044934640522876 0.1841299019607843 0.11356209150326797 0.09375
2 0.5036764705882353 0.28048406862745096 0.11356209150326797 0.0934436274509804
2 0.5046977124183006 0.38434436274509803 0.11315359477124183 0.10508578431372549
2 0.43075980392156865 0.6029411764705882 0.27001633986928103 0.24325980392156862
2 0.7683823529411765 0.6220894607843137 0.26633986928104575 0.22395833333333334
2 0.7630718954248367 0.4018075980392157 0.26633986928104575 0.22395833333333334
2 0.752859477124183 0.18826593137254902 0.26552287581699346 0.19393382352941177
