3 0.08226877874297395 0.10158572844400396 0.13490035769034237 0.20118929633300298
3 0.21282575370464998 0.10158572844400396 0.13438937148696986 0.20118929633300298
3 0.3431272355646398 0.10158572844400396 0.13438937148696986 0.20118929633300298
3 0.46908533469596325 0.10158572844400396 0.13490035769034237 0.20118929633300298
3 0.7383750638732755 0.10158572844400396 0.13490035769034237 0.20118929633300298
3 0.8758303525804804 0.10158572844400396 0.13490035769034237 0.20118929633300298
3 0.8850281042411856 0.3270564915758176 0.14307613694430252 0.2537165510406343
3 0.7452733776188044 0.333994053518335 0.14358712314767502 0.2537165510406343
3 0.6085845682166582 0.3290386521308226 0.14307613694430252 0.2537165510406343
3 0.4739397036280021 0.33002973240832506 0.1364333163004599 0.25966303270564917
3 0.2043944813490036 0.3369672943508424 0.1359223300970874 0.25966303270564917
3 0.07485947879407256 0.33498513379583744 0.1364333163004599 0.25966303270564917
3 0.1964741951967297 0.595639246778989 0.15074092999489017 0.27750247770069375
3 0.33980582524271846 0.5961347869177404 0.13285641287685235 0.27651139742319125
3 0.4747061829330609 0.6000991080277502 0.13285641287685235 0.27651139742319125
3 0.6147164026571283 0.5926660059464817 0.14409810935104753 0.27155599603567887
3 0.7583035258048033 0.5936570862239842 0.14409810935104753 0.27155599603567887
3 0.8988247317322433 0.5916749256689792 0.14409810935104753 0.27155599603567887
3 0.9138988247317323 0.8637264618434093 0.14358712314767502 0.27254707631318137
3 0.7667347981604498 0.8632309217046581 0.14358712314767502 0.27155599603567887
3 0.4767501277465509 0.8637264618434093 0.14409810935104753 0.27254707631318137
3 0.3341849770056209 0.8637264618434093 0.14409810935104753 0.27254707631318137
3 0.059529892692897296 0.8637264618434093 0.11803781297904958 0.27254707631318137
2 0.6009197751660705 0.1045589692765114 0.13796627491057742 0.20713577799801783
2 0.34006131834440473 0.32556987115956393 0.141543178334185 0.25074331020812685
2 0.06336228921819112 0.591179385530228 0.1257026060296372 0.2745292368681863
2 0.1875319366377108 0.8622398414271556 0.14307613694430252 0.2755203171456888
2 0.6170158405723046 0.8622398414271556 0.14256515074093 0.2755203171456888
