3 0.12902401635155852 0.09861248761149653 0.14358712314767502 0.1952428146679881
3 0.2629024016351559 0.10009910802775024 0.13234542667347984 0.19821605550049554
3 0.5247828308635667 0.10009910802775024 0.1246806336228922 0.19821605550049554
3 0.655595298926929 0.10009910802775024 0.1246806336228922 0.19821605550049554
3 0.7843638221768013 0.10009910802775024 0.1246806336228922 0.19821605550049554
3 0.9192641798671437 0.10009910802775024 0.13285641287685235 0.19821605550049554
3 0.9269289729177314 0.32457879088206143 0.14103219213081247 0.25867195242814667
3 0.7945835462442515 0.3305252725470763 0.13490035769034237 0.2527254707631318
3 0.5288707204905468 0.33746283448959363 0.13490035769034237 0.2527254707631318
3 0.3909044455799694 0.32656095143706637 0.13490035769034237 0.2527254707631318
3 0.25702606029637204 0.32755203171456887 0.13490035769034237 0.2527254707631318
3 0.11701584057230456 0.32556987115956393 0.13490035769034237 0.2527254707631318
3 0.10194174757281554 0.5877106045589693 0.15585079202861524 0.2735381565906838
3 0.2424629535002555 0.5931615460852329 0.1354113438937149 0.27651139742319125
3 0.384517118037813 0.5941526263627354 0.1354113438937149 0.27651139742319125
3 0.525038323965253 0.5981169474727452 0.1354113438937149 0.27651139742319125
3 0.665559529892693 0.5931615460852329 0.1354113438937149 0.27651139742319125
3 0.8048032703117016 0.591179385530228 0.13490035769034237 0.27651139742319125
3 0.9425140521205928 0.8602576808721506 0.11497189575881453 0.2794846382556987
3 0.669647419519673 0.8602576808721506 0.1354113438937149 0.2794846382556987
3 0.528104241185488 0.8602576808721506 0.1476750127746551 0.2794846382556987
3 0.2368421052631579 0.8602576808721506 0.1476750127746551 0.2794846382556987
3 0.09121103730199286 0.8602576808721506 0.1476750127746551 0.2794846382556987
2 0.39269289729177315 0.10158572844400396 0.13949923352069496 0.20118929633300298
2 0.6627491057741441 0.3315163528245788 0.13490035769034237 0.2566897918731417
2 0.9322943280531426 0.5961347869177404 0.1354113438937149 0.2566897918731417
2 0.8083801737353092 0.8686818632309217 0.15022994379151763 0.2626362735381566
2 0.3796627491057742 0.8686818632309217 0.15022994379151763 0.2626362735381566
