3 0.15885660731021556 0.2716417910447761 0.302717900656045 0.3243781094527363
3 0.46157450796626054 0.27064676616915423 0.302717900656045 0.3243781094527363
3 0.7708528584817245 0.2796019900497512 0.302717900656045 0.3243781094527363
3 0.7722586691658857 0.6074626865671642 0.32052483598875353 0.3373134328358209
3 0.14948453608247422 0.6029850746268657 0.2970946579194002 0.33830845771144274
3 0.1443298969072165 0.8845771144278607 0.2867853795688847 0.2288557213930348
3 0.4512652296157451 0.8850746268656716 0.3270852858481725 0.2298507462686567
3 0.45501405810684165 0.05522388059701492 0.302717900656045 0.10845771144278606
3 0.7567947516401125 0.05522388059701492 0.302717900656045 0.10845771144278606
2 0.4564198687910028 0.6004975124378109 0.3055295220243674 0.34328358208955223
2 0.7769447047797563 0.8875621890547263 0.32239925023430177 0.22487562189054724
