2 0.044464075382803295 0.5649867374005305 0.08775029446407538 0.16445623342175064
2 0.044464075382803295 0.7161803713527851 0.08775029446407538 0.16445623342175064
2 0.045347467608951704 0.8717948717948717 0.08833922261484098 0.16445623342175064
2 0.13604240282685512 0.874447391688771 0.09540636042402827 0.16445623342175064
2 0.13604240282685512 0.7144120247568523 0.09540636042402827 0.16445623342175064
2 0.13368669022379268 0.5614500442086648 0.09540636042402827 0.16445623342175064
2 0.23645465253239104 0.5557029177718833 0.09599528857479386 0.15649867374005305
2 0.3333333333333333 0.5517241379310345 0.09658421672555947 0.15738284703801944
2 0.4316843345111896 0.5521662245800176 0.09658421672555947 0.15649867374005305
2 0.5300353356890459 0.5526083112290009 0.09658421672555947 0.15738284703801944
2 0.6269140164899881 0.5526083112290009 0.09599528857479386 0.15738284703801944
2 0.7270318021201413 0.5490716180371352 0.09599528857479386 0.15738284703801944
2 0.8224381625441696 0.5517241379310345 0.09599528857479386 0.15738284703801944
2 0.9166666666666666 0.5534924845269673 0.09599528857479386 0.15738284703801944
2 0.2323321554770318 0.7117595048629531 0.09599528857479386 0.15738284703801944
2 0.23674911660777384 0.8682581786030061 0.09658421672555947 0.15738284703801944
2 0.33097762073027087 0.870026525198939 0.09658421672555947 0.15738284703801944
2 0.42932862190812715 0.8664898320070733 0.09658421672555947 0.15738284703801944
2 0.5276796230859835 0.8664898320070733 0.09658421672555947 0.15738284703801944
2 0.6289752650176678 0.8691423519009726 0.09658421672555947 0.15738284703801944
2 0.7258539458186101 0.8695844385499557 0.09599528857479386 0.15649867374005305
2 0.8215547703180212 0.870026525198939 0.09658421672555947 0.15738284703801944
2 0.9184334511189635 0.8726790450928381 0.09599528857479386 0.15738284703801944
2 0.9187279151943463 0.7108753315649867 0.09658421672555947 0.15738284703801944
2 0.8221436984687868 0.7064544650751547 0.09658421672555947 0.15738284703801944
2 0.7299764428739693 0.7046861184792219 0.09599528857479386 0.15738284703801944
2 0.6263250883392225 0.7055702917771883 0.09599528857479386 0.15738284703801944
2 0.5312131919905771 0.7117595048629531 0.09658421672555947 0.15738284703801944
2 0.4319787985865724 0.7126436781609196 0.09599528857479386 0.15738284703801944
2 0.32979976442873965 0.7126436781609196 0.09658421672555947 0.15738284703801944
