3 0.5309244791666666 0.114013671875 0.21549479166666666 0.18505859375
3 0.7610677083333333 0.11328125 0.21354166666666666 0.18359375
3 0.2998046875 0.302978515625 0.224609375 0.19873046875
3 0.5390625 0.307861328125 0.23567708333333331 0.20556640625
3 0.7444661458333333 0.309326171875 0.166015625 0.20556640625
3 0.7366536458333333 0.51513671875 0.16861979166666666 0.1953125
3 0.7542317708333333 0.721923828125 0.19075520833333331 0.22216796875
3 0.2864583333333333 0.7177734375 0.23828125 0.220703125
2 0.2874348958333333 0.50146484375 0.23111979166666666 0.1982421875
2 0.5354817708333333 0.51171875 0.224609375 0.2021484375
2 0.5354817708333333 0.724609375 0.23763020833333331 0.2138671875
