3 0.2552204176334107 0.0524048815506102 0.21036349574632637 0.10337401292175162
3 0.45359628770301624 0.05563531945441493 0.2080433101314772 0.10983488872936109
3 0.8576952822892498 0.05814788226848529 0.19953596287703018 0.1148600143575018
3 0.8623356535189483 0.20603015075376885 0.20726991492652747 0.18521177315147164
3 0.8584686774941995 0.39949748743718594 0.205723124516628 0.20028715003589376
3 0.8607888631090488 0.6019382627422829 0.21809744779582368 0.2031586503948313
3 0.4184068058778036 0.6026561378320172 0.23356535189481825 0.2089016511127064
3 0.1948955916473318 0.5997846374730798 0.23356535189481825 0.2089016511127064
3 0.21307037896365044 0.395908111988514 0.21887084300077342 0.2045944005743001
3 0.23897911832946636 0.20136396267049533 0.21191028615622584 0.18880114860014358
3 0.440061871616396 0.20495333811916727 0.21191028615622584 0.18880114860014358
3 0.6550657385924208 0.2085427135678392 0.21191028615622584 0.18880114860014358
3 0.43155452436194897 0.39806173725771715 0.21191028615622584 0.18880114860014358
3 0.6411446249033256 0.4016511127063891 0.21191028615622584 0.18880114860014358
3 0.177107501933488 0.8212491026561378 0.24129930394431556 0.22541277817659727
3 0.397138437741686 0.8237616654702082 0.22815158546017017 0.22613065326633167
3 0.6318638824439289 0.8212491026561378 0.22892498066511988 0.22541277817659727
2 0.6395978344934262 0.6022972002871501 0.21036349574632637 0.21536252692031588
2 0.6593194122196443 0.05814788226848529 0.2111368909512761 0.1148600143575018
