3 0.23080065359477125 0.14552696078431374 0.21160130718954248 0.1556372549019608
3 0.2181372549019608 0.33731617647058826 0.22549019607843138 0.19056372549019607
2 0.2048611111111111 0.5412071078431373 0.24877450980392157 0.20128676470588236
2 0.18709150326797386 0.7556678921568627 0.26633986928104575 0.22763480392156862
2 0.5032679738562091 0.4944852941176471 0.2630718954248366 0.22242647058823528
2 0.5112336601307189 0.742953431372549 0.2928921568627451 0.2610294117647059
2 0.7743055555555556 0.08501838235294118 0.2397875816993464 0.16513480392156862
2 0.8000408496732027 0.27542892156862747 0.27001633986928103 0.1917892156862745
2 0.8310866013071896 0.4885110294117647 0.31086601307189543 0.22886029411764705
2 0.8502859477124183 0.7389705882352942 0.2994281045751634 0.2689950980392157
