3 0.113525390625 0.08854166666666666 0.11376953125 0.13802083333333331
3 0.242919921875 0.08951822916666666 0.11376953125 0.13736979166666666
3 0.491455078125 0.08821614583333333 0.11376953125 0.13736979166666666
3 0.608154296875 0.09407552083333333 0.11376953125 0.13736979166666666
3 0.724609375 0.0927734375 0.1142578125 0.13736979166666666
3 0.844970703125 0.0986328125 0.11376953125 0.13736979166666666
3 0.229248046875 0.24251302083333331 0.12841796875 0.15690104166666666
3 0.356689453125 0.24381510416666666 0.12841796875 0.15690104166666666
3 0.614501953125 0.2451171875 0.12841796875 0.15690104166666666
3 0.734619140625 0.2412109375 0.12841796875 0.15690104166666666
3 0.864013671875 0.24479166666666666 0.12841796875 0.15755208333333331
3 0.0751953125 0.41666666666666663 0.13671875 0.18489583333333331
3 0.21337890625 0.4153645833333333 0.13671875 0.18489583333333331
3 0.34423828125 0.41178385416666663 0.13671875 0.185546875
3 0.48095703125 0.4104817708333333 0.13671875 0.185546875
3 0.615478515625 0.4114583333333333 0.13720703125 0.18489583333333331
3 0.751953125 0.40787760416666663 0.13671875 0.185546875
3 0.88671875 0.40885416666666663 0.13671875 0.18489583333333331
3 0.340087890625 0.5940755208333333 0.12744140625 0.19205729166666666
3 0.480224609375 0.6002604166666666 0.12744140625 0.19140625
3 0.619384765625 0.5930989583333333 0.14013671875 0.18489583333333331
3 0.7578125 0.5891927083333333 0.140625 0.18489583333333331
3 0.897705078125 0.5904947916666666 0.14013671875 0.18489583333333331
3 0.480224609375 0.8004557291666666 0.14013671875 0.208984375
3 0.618408203125 0.7939453125 0.14013671875 0.208984375
3 0.770263671875 0.7893880208333333 0.15673828125 0.20638020833333331
3 0.921630859375 0.7858072916666666 0.15673828125 0.20703125
2 0.371337890625 0.08854166666666666 0.11962890625 0.14192708333333331
2 0.097900390625 0.24576822916666666 0.11669921875 0.16080729166666666
2 0.483642578125 0.2470703125 0.11669921875 0.16080729166666666
2 0.06396484375 0.6051432291666666 0.126953125 0.18033854166666666
2 0.202392578125 0.5970052083333333 0.13916015625 0.18098958333333331
2 0.1845703125 0.7978515625 0.130859375 0.20377604166666666
2 0.33203125 0.8014322916666666 0.130859375 0.20442708333333331
3 0.0576171875 0.8056640625 0.1064453125 0.20247395833333331
2 0.9580078125 0.24772135416666666 0.07421875 0.162109375
