3 0.14187035069075452 0.11800766283524905 0.2688629117959617 0.22835249042145594
3 0.4537725823591923 0.11724137931034483 0.34431455897980867 0.23295019157088123
3 0.7917109458023379 0.11877394636015326 0.34431455897980867 0.23295019157088123
3 0.8299681190223166 0.35977011494252875 0.3400637619553666 0.24597701149425288
3 0.8427205100956429 0.6160919540229886 0.3145589798087141 0.2574712643678161
3 0.8517534537725823 0.8708812260536398 0.29649309245483524 0.2582375478927203
3 0.5170031880977684 0.8708812260536398 0.36238044633368754 0.2582375478927203
3 0.4952178533475026 0.610727969348659 0.36344314558979807 0.2574712643678161
3 0.16046758767268862 0.6168582375478927 0.3188097768331562 0.2620689655172414
3 0.15037194473963866 0.3636015325670498 0.2986184909670563 0.2597701149425287
2 0.4845908607863974 0.357088122605364 0.3549415515409139 0.2467432950191571
2 0.1620616365568544 0.8735632183908046 0.32199787460148777 0.2513409961685824
