2 0.11458333333333333 0.336 0.11875 0.2048
2 0.34479166666666666 0.3176 0.11875 0.2064
2 0.471875 0.308 0.11875 0.2064
2 0.7114583333333333 0.2928 0.12916666666666665 0.21760000000000002
2 0.7119791666666666 0.5168 0.13020833333333334 0.21760000000000002
2 0.7057291666666666 0.7448 0.13020833333333334 0.2192
2 0.5822916666666667 0.7416 0.12916666666666665 0.2192
2 0.45989583333333334 0.528 0.11979166666666667 0.22080000000000002
2 0.5869791666666666 0.5232 0.13020833333333334 0.21760000000000002
2 0.3421875 0.5376000000000001 0.11979166666666667 0.22080000000000002
2 0.3359375 0.7504000000000001 0.11979166666666667 0.22080000000000002
2 0.10885416666666667 0.7584000000000001 0.11979166666666667 0.22080000000000002
2 0.09791666666666667 0.9376000000000001 0.11041666666666666 0.12480000000000001
2 0.20885416666666667 0.9304 0.11770833333333333 0.13920000000000002
2 0.3265625 0.9304 0.11770833333333333 0.13920000000000002
2 0.4515625 0.9304 0.11770833333333333 0.13920000000000002
2 0.5744791666666667 0.9304 0.11770833333333333 0.13920000000000002
2 0.6994791666666667 0.9304 0.11770833333333333 0.13920000000000002
3 0.23177083333333334 0.32480000000000003 0.103125 0.2048
3 0.10781249999999999 0.5376000000000001 0.11145833333333333 0.2112
3 0.22239583333333332 0.5328 0.11145833333333333 0.2112
3 0.21927083333333333 0.752 0.11145833333333333 0.2112
3 0.45468749999999997 0.7552 0.11145833333333333 0.2112
