2 0.7785947712418301 0.4494485294117647 0.12254901960784315 0.0900735294117647
2 0.30351307189542487 0.059895833333333336 0.20669934640522877 0.1173406862745098
2 0.7687908496732027 0.35018382352941174 0.12254901960784315 0.0900735294117647
2 0.7679738562091504 0.24739583333333334 0.12254901960784315 0.09037990196078431
2 0.2871732026143791 0.22457107843137256 0.21160130718954248 0.19301470588235295
2 0.2775735294117647 0.4414828431372549 0.2536764705882353 0.22242647058823528
2 0.25919117647058826 0.6750919117647058 0.24550653594771243 0.2386642156862745
2 0.5841503267973857 0.27129289215686275 0.25326797385620914 0.18841911764705882
2 0.5878267973856209 0.46798406862745096 0.25326797385620914 0.18841911764705882
2 0.5912990196078431 0.6876531862745098 0.2847222222222222 0.2270220588235294
2 0.5814950980392157 0.0857843137254902 0.25449346405228757 0.17095588235294118
2 0.8929738562091504 0.6743259803921569 0.21405228758169936 0.2604166666666667
