3 0.170654296875 0.0947265625 0.12255859375 0.15950520833333331
3 0.29638671875 0.09798177083333333 0.123046875 0.15950520833333331
3 0.54833984375 0.1015625 0.123046875 0.15885416666666666
3 0.67236328125 0.10286458333333333 0.123046875 0.15885416666666666
3 0.79443359375 0.1015625 0.123046875 0.15885416666666666
3 0.916259765625 0.10026041666666666 0.12255859375 0.15885416666666666
3 0.15380859375 0.25553385416666663 0.123046875 0.15950520833333331
3 0.284912109375 0.2591145833333333 0.12255859375 0.15885416666666666
3 0.42138671875 0.2626953125 0.123046875 0.15950520833333331
3 0.548828125 0.26139322916666663 0.123046875 0.15950520833333331
3 0.8046875 0.26725260416666663 0.123046875 0.15950520833333331
3 0.93212890625 0.2659505208333333 0.123046875 0.15950520833333331
3 0.146240234375 0.4287109375 0.12255859375 0.15950520833333331
3 0.27734375 0.4296875 0.123046875 0.15885416666666666
3 0.41357421875 0.4309895833333333 0.123046875 0.15885416666666666
3 0.552001953125 0.43424479166666663 0.12255859375 0.15885416666666666
3 0.68310546875 0.435546875 0.123046875 0.15885416666666666
3 0.81396484375 0.4365234375 0.123046875 0.15950520833333331
3 0.130126953125 0.6168619791666666 0.11376953125 0.18033854166666666
3 0.264892578125 0.6204427083333333 0.11376953125 0.1796875
3 0.54248046875 0.6214192708333333 0.11328125 0.18033854166666666
3 0.68603515625 0.6178385416666666 0.11328125 0.1796875
3 0.94287109375 0.6263020833333333 0.11328125 0.1796875
3 0.112060546875 0.8225911458333333 0.11376953125 0.18033854166666666
3 0.262939453125 0.8212890625 0.11376953125 0.18033854166666666
3 0.412109375 0.8225911458333333 0.11328125 0.18033854166666666
2 0.423583984375 0.09830729166666666 0.11572265625 0.14713541666666666
2 0.676025390625 0.2630208333333333 0.11572265625 0.14713541666666666
2 0.938720703125 0.43424479166666663 0.12255859375 0.1640625
2 0.410400390625 0.6181640625 0.13134765625 0.18684895833333331
2 0.822021484375 0.6145833333333333 0.13134765625 0.1875
