3 0.12166666666666667 0.09226190476190475 0.16333333333333333 0.17261904761904762
3 0.11833333333333335 0.5833333333333333 0.15666666666666668 0.26190476190476186
3 0.11833333333333335 0.8571428571428571 0.15666666666666668 0.26190476190476186
3 0.42500000000000004 0.8601190476190476 0.15666666666666668 0.27976190476190477
3 0.7333333333333334 0.8571428571428571 0.15333333333333335 0.2738095238095238
3 0.7333333333333334 0.3214285714285714 0.14 0.2738095238095238
3 0.88 0.3125 0.14 0.25595238095238093
2 0.275 0.09226190476190475 0.15000000000000002 0.17261904761904762
2 0.42500000000000004 0.09226190476190475 0.15000000000000002 0.17261904761904762
2 0.5733333333333334 0.09226190476190475 0.14666666666666667 0.17261904761904762
2 0.7283333333333334 0.09226190476190475 0.15000000000000002 0.17261904761904762
2 0.8783333333333334 0.09226190476190475 0.15000000000000002 0.17261904761904762
2 0.11833333333333335 0.31547619047619047 0.15000000000000002 0.2738095238095238
2 0.2733333333333334 0.32440476190476186 0.15333333333333335 0.26785714285714285
2 0.4266666666666667 0.32440476190476186 0.15333333333333335 0.26785714285714285
2 0.5833333333333334 0.3125 0.15333333333333335 0.26785714285714285
2 0.2733333333333334 0.5982142857142857 0.15333333333333335 0.26785714285714285
2 0.4266666666666667 0.5922619047619048 0.15333333333333335 0.26785714285714285
2 0.5833333333333334 0.5892857142857143 0.15333333333333335 0.2738095238095238
2 0.7333333333333334 0.5863095238095237 0.15333333333333335 0.26785714285714285
2 0.8783333333333334 0.5863095238095237 0.15000000000000002 0.26785714285714285
2 0.88 0.8601190476190476 0.15333333333333335 0.26785714285714285
2 0.5800000000000001 0.863095238095238 0.15333333333333335 0.2738095238095238
2 0.27666666666666667 0.863095238095238 0.15333333333333335 0.2738095238095238
