3 0.3984496124031008 0.4394366197183099 0.11472868217054263 0.24788732394366197
3 0.3992248062015504 0.676056338028169 0.10077519379844961 0.23661971830985917
3 0.40232558139534885 0.8971830985915493 0.09767441860465116 0.2056338028169014
3 0.16046511627906976 0.8577464788732395 0.10077519379844961 0.17183098591549298
3 0.16279069767441862 0.671830985915493 0.09922480620155039 0.2
3 0.15968992248062014 0.4690140845070423 0.09922480620155039 0.2
3 0.04573643410852713 0.6704225352112676 0.08837209302325581 0.22535211267605634
3 0.047286821705426356 0.8971830985915493 0.08837209302325581 0.2056338028169014
3 0.5217054263565891 0.44084507042253523 0.10697674418604651 0.22816901408450704
3 0.5224806201550387 0.6690140845070423 0.09612403100775194 0.22253521126760564
3 0.5209302325581395 0.8887323943661972 0.09612403100775194 0.22253521126760564
3 0.8573643410852713 0.6140845070422536 0.08372093023255814 0.15211267605633805
3 0.7286821705426356 0.5690140845070423 0.07751937984496124 0.17464788732394368
3 0.8534883720930232 0.38169014084507047 0.09147286821705426 0.18873239436619718
3 0.059689922480620154 0.24788732394366197 0.08837209302325581 0.2028169014084507
3 0.9682170542635659 0.8732394366197184 0.06046511627906977 0.22535211267605634
3 0.37131782945736436 0.18028169014084508 0.07286821705426356 0.18028169014084508
3 0.4728682170542636 0.2183098591549296 0.05581395348837209 0.15492957746478875
3 0.21705426356589147 0.24647887323943662 0.08062015503875969 0.07042253521126761
2 0.2178294573643411 0.11126760563380282 0.08837209302325581 0.16056338028169015
