3 0.17693942614240168 0.3620689655172414 0.3453772582359192 0.2367816091954023
2 0.5281615302869288 0.3609195402298851 0.33581296493092455 0.2467432950191571
3 0.19766206163655684 0.12528735632183907 0.3230605738575983 0.2367816091954023
3 0.545164718384697 0.11915708812260536 0.3336875664187035 0.2367816091954023
3 0.8570669500531349 0.12222222222222223 0.2858660998937301 0.23218390804597702
3 0.8480340063761955 0.36551724137931035 0.3039319872476089 0.2467432950191571
3 0.8395324123273114 0.6195402298850575 0.32093517534537724 0.2567049808429119
3 0.5015940488841657 0.6206896551724138 0.37619553666312433 0.2590038314176245
3 0.16312433581296493 0.6160919540229886 0.3241232731137088 0.260536398467433
3 0.15037194473963866 0.8693486590038314 0.2986184909670563 0.2613026819923372
3 0.4861849096705632 0.8670498084291188 0.3751328374070138 0.2567049808429119
2 0.8320935175345376 0.8762452107279693 0.33581296493092455 0.2475095785440613
