3 0.07490535424553814 0.2903372835004558 0.13899405083829097 0.27620783956244305
3 0.06381828015143322 0.5907019143117593 0.1265548945375879 0.3099361896080219
3 0.0578691184424013 0.8742023701002735 0.11465657111952407 0.2515952597994531
3 0.07328285559762034 0.0715587967183227 0.14548404542996216 0.14129443938012762
2 0.22796106003244998 0.2912488605287147 0.16387236343969713 0.292616226071103
3 0.23336938885884265 0.07019143117593436 0.17577068685776095 0.13855970829535094
3 0.4064359113034073 0.07019143117593436 0.17577068685776095 0.13855970829535094
3 0.5762574364521363 0.07019143117593436 0.17577068685776095 0.13855970829535094
3 0.40373174689021096 0.2866909753874202 0.18334234721471065 0.292616226071103
3 0.5778799351000541 0.2871467639015497 0.18334234721471065 0.2935278030993619
3 0.7623039480800433 0.28304466727438465 0.18334234721471065 0.292616226071103
3 0.9275283937263387 0.28167730173199634 0.1449432125473229 0.2935278030993619
3 0.9332071389940509 0.5834092980856882 0.13358572201189833 0.32087511394712853
3 0.7742022714981072 0.5865998176845943 0.18334234721471065 0.3144940747493163
3 0.4002163331530557 0.589334548769371 0.1828015143320714 0.3144940747493163
3 0.22093023255813954 0.5920692798541477 0.18334234721471065 0.3144940747493163
3 0.21092482422931316 0.873746581586144 0.186046511627907 0.2506836827711942
3 0.586803677663602 0.8764813126709207 0.17955651703623582 0.24703737465815861
3 0.7785289345592212 0.8764813126709207 0.19091400757166038 0.24703737465815861
3 0.9361817198485669 0.8764813126709207 0.12763656030286644 0.24703737465815861
2 0.5876149269875609 0.5948040109389243 0.18983234180638184 0.31267092069279856
2 0.4015684153596539 0.8764813126709207 0.19091400757166038 0.24703737465815861
