3 0.10733293908929628 0.1711590296495957 0.20165582495564757 0.29380053908355797
3 0.3181549379065642 0.1711590296495957 0.2046126552335896 0.3063791554357592
3 0.5186280307510349 0.1693620844564241 0.2046126552335896 0.3063791554357592
3 0.7179183914843289 0.16307277628032346 0.2046126552335896 0.3063791554357592
3 0.9112950916617387 0.15723270440251574 0.17740981667652278 0.31266846361185985
3 0.9112950916617387 0.4694519317160827 0.17740981667652278 0.31356693620844567
3 0.9207569485511532 0.7929020664869721 0.1584861028976937 0.3243486073674753
3 0.7276759314015376 0.4752920035938904 0.21348314606741575 0.31087151841868826
3 0.5218805440567712 0.4779874213836478 0.21348314606741575 0.31087151841868826
3 0.31667652276759317 0.48787061994609165 0.19692489651094028 0.31266846361185985
3 0.11797752808988765 0.4923629829290207 0.19692489651094028 0.31266846361185985
3 0.11354228267297459 0.8149146451033243 0.20697811945594324 0.3252470799640611
3 0.3199290360733294 0.8153638814016173 0.20697811945594324 0.3243486073674753
3 0.5292726197516263 0.8023360287511231 0.20697811945594324 0.3252470799640611
3 0.7400946185688942 0.7960467205750225 0.20756948551153165 0.3252470799640611
