2 0.29225352112676056 0.23163841807909605 0.2183098591549296 0.21468926553672316
2 0.5070422535211268 0.23163841807909605 0.2183098591549296 0.21468926553672316
2 0.07394366197183098 0.4689265536723164 0.14084507042253522 0.2824858757062147
2 0.2535211267605634 0.4689265536723164 0.24647887323943662 0.2824858757062147
2 0.5 0.4689265536723164 0.23943661971830987 0.2711864406779661
2 0.7394366197183099 0.4661016949152542 0.23943661971830987 0.2768361581920904
2 0.926056338028169 0.4689265536723164 0.14788732394366197 0.2711864406779661
2 0.20598591549295775 0.807909604519774 0.3204225352112676 0.384180790960452
2 0.5017605633802817 0.807909604519774 0.27816901408450706 0.384180790960452
2 0.7816901408450705 0.8050847457627118 0.3098591549295775 0.3785310734463277
