3 0.12008577555396713 0.12120141342756183 0.2215868477483917 0.24098939929328622
3 0.34810578984989277 0.111660777385159 0.22444603288062903 0.22190812720848055
3 0.5850607576840601 0.11024734982332154 0.23802716225875625 0.21908127208480566
3 0.11722659042172981 0.358303886925795 0.2215868477483917 0.24169611307420494
3 0.8431022158684776 0.34275618374558303 0.2466047176554682 0.2558303886925795
3 0.5950679056468906 0.601060070671378 0.2466047176554682 0.2565371024734982
2 0.8384560400285919 0.10600706713780918 0.2544674767691208 0.21060070671378092
2 0.5972122944960686 0.34063604240282686 0.2537526804860615 0.254416961130742
2 0.34810578984989277 0.35017667844522965 0.23445318084345962 0.24381625441696111
2 0.11722659042172981 0.6060070671378092 0.23302358827734096 0.24381625441696111
2 0.35167977126518946 0.5996466431095406 0.23445318084345962 0.24381625441696111
2 0.8456040028591851 0.6056537102473498 0.25017869907076484 0.26713780918727914
