3 0.29404666130329843 0.16138125440451023 0.23572003218020915 0.20014094432699084
3 0.5321802091713596 0.16138125440451023 0.23572003218020915 0.20014094432699084
3 0.06436041834271922 0.37420718816067655 0.12711182622687048 0.2156448202959831
3 0.25985518905872884 0.37068357998590556 0.251005631536605 0.20859760394644117
3 0.5168946098149637 0.37526427061310785 0.24698310539018503 0.21775898520084566
3 0.7751407884151247 0.37632135306553915 0.24698310539018503 0.21846370683579988
3 0.7646822204344328 0.6057082452431289 0.2614641995172968 0.2360817477096547
3 0.500804505229284 0.6032417195207893 0.2807723250201126 0.23114869626497533
3 0.7566371681415929 0.8569415081042988 0.2743362831858407 0.2593375616631431
2 0.7819790828640386 0.16737138830162088 0.251005631536605 0.20366455250176183
2 0.08728881737731295 0.15997181113460185 0.17296862429605792 0.20295983086680763
2 0.2320997586484312 0.5990133897110641 0.2839903459372486 0.23396758280479213
2 0.19549477071600965 0.854122621564482 0.3185840707964602 0.27061310782241016
2 0.4798873692679002 0.8527131782945737 0.2727272727272727 0.27061310782241016
