2 0.5110294117647058 0.7467830882352942 0.29248366013071897 0.2533700980392157
2 0.8472222222222222 0.7405024509803921 0.29330065359477125 0.2738970588235294
2 0.1881127450980392 0.7573529411764706 0.2790032679738562 0.2340686274509804
2 0.5 0.49831495098039214 0.27941176470588236 0.2337622549019608
2 0.8178104575163399 0.4849877450980392 0.28022875816993464 0.2193627450980392
2 0.7996323529411765 0.2708333333333333 0.2602124183006536 0.19607843137254902
2 0.7808415032679739 0.08256740196078431 0.2569444444444445 0.1645220588235294
2 0.20016339869281047 0.540594362745098 0.25 0.1920955882352941
3 0.2209967320261438 0.33869485294117646 0.22712418300653595 0.18535539215686275
3 0.23345588235294118 0.15425857843137256 0.20955882352941177 0.15716911764705882
