3 0.05663430420711974 0.1903914590747331 0.11003236245954694 0.29537366548042704
3 0.18122977346278318 0.19217081850533807 0.1262135922330097 0.298932384341637
3 0.3131067961165049 0.19572953736654802 0.127831715210356 0.298932384341637
3 0.44012944983818775 0.1903914590747331 0.1262135922330097 0.29537366548042704
3 0.5663430420711975 0.20284697508896796 0.1262135922330097 0.298932384341637
3 0.6828478964401294 0.21708185053380782 0.1197411003236246 0.298932384341637
3 0.8066343042071198 0.2277580071174377 0.11812297734627833 0.298932384341637
3 0.9288025889967638 0.22241992882562275 0.11650485436893204 0.29537366548042704
3 0.9320388349514563 0.5124555160142349 0.1262135922330097 0.298932384341637
3 0.93042071197411 0.8149466192170818 0.1262135922330097 0.298932384341637
3 0.8058252427184467 0.8113879003558718 0.1262135922330097 0.298932384341637
3 0.6860841423948221 0.800711743772242 0.1197411003236246 0.2918149466192171
3 0.8066343042071198 0.5106761565836299 0.11812297734627833 0.29537366548042704
3 0.6885113268608415 0.5088967971530249 0.11812297734627833 0.298932384341637
3 0.5598705501618123 0.5088967971530249 0.1262135922330097 0.298932384341637
3 0.5622977346278317 0.797153024911032 0.127831715210356 0.298932384341637
3 0.441747572815534 0.797153024911032 0.1262135922330097 0.298932384341637
3 0.43851132686084143 0.4893238434163701 0.1262135922330097 0.29537366548042704
3 0.3098705501618123 0.4875444839857651 0.127831715210356 0.298932384341637
3 0.3122977346278317 0.786476868327402 0.1262135922330097 0.298932384341637
3 0.1852750809061489 0.7900355871886121 0.127831715210356 0.298932384341637
3 0.18042071197411005 0.48398576512455516 0.127831715210356 0.298932384341637
3 0.059061488673139165 0.4875444839857651 0.11488673139158577 0.298932384341637
3 0.059061488673139165 0.786476868327402 0.11488673139158577 0.298932384341637
