2 0.41845703125 0.08854166666666666 0.1083984375 0.16666666666666666
2 0.29248046875 0.26334635416666663 0.1083984375 0.166015625
2 0.41650390625 0.26432291666666663 0.1083984375 0.16666666666666666
2 0.53857421875 0.27018229166666663 0.1083984375 0.16666666666666666
2 0.666015625 0.2688802083333333 0.1083984375 0.16666666666666666
2 0.67041015625 0.4534505208333333 0.1083984375 0.166015625
2 0.5390625 0.45703125 0.1083984375 0.16666666666666666
2 0.40966796875 0.45572916666666663 0.1083984375 0.16666666666666666
2 0.28759765625 0.4495442708333333 0.1083984375 0.166015625
2 0.279052734375 0.6494140625 0.11181640625 0.18815104166666666
3 0.54150390625 0.08854166666666666 0.1123046875 0.16666666666666666
2 0.410400390625 0.6529947916666666 0.11181640625 0.1875
2 0.537841796875 0.6490885416666666 0.11181640625 0.1875
2 0.67236328125 0.6549479166666666 0.1123046875 0.1875
2 0.675048828125 0.8636067708333333 0.11181640625 0.18815104166666666
3 0.526123046875 0.8733723958333333 0.11376953125 0.22200520833333331
