3 0.2048611111111111 0.10998774509803921 0.26348039215686275 0.2077205882352941
2 0.4838643790849673 0.32797181372549017 0.1678921568627451 0.14613970588235295
3 0.19566993464052287 0.3287377450980392 0.2630718954248366 0.22977941176470587
3 0.1926062091503268 0.5631127450980392 0.26348039215686275 0.22977941176470587
3 0.2028186274509804 0.8065257352941176 0.2806372549019608 0.24908088235294118
3 0.8555964052287582 0.7973345588235294 0.2806372549019608 0.24908088235294118
3 0.8498774509803921 0.5522365196078431 0.2667483660130719 0.2306985294117647
3 0.8445669934640523 0.31847426470588236 0.2667483660130719 0.2306985294117647
2 0.4854983660130719 0.47549019607843135 0.1678921568627451 0.14644607843137256
2 0.48978758169934644 0.6311274509803921 0.17401960784313725 0.16299019607843138
2 0.4959150326797386 0.7973345588235294 0.17401960784313725 0.16268382352941177
