3 0.14117132867132867 0.3172043010752688 0.2718531468531469 0.21577060931899641
3 0.1520979020979021 0.5516129032258065 0.28496503496503495 0.24444444444444444
3 0.1604020979020979 0.8093189964157707 0.30506993006993005 0.2637992831541219
3 0.44798951048951047 0.5512544802867384 0.30506993006993005 0.24229390681003585
3 0.43006993006993005 0.3164874551971326 0.2867132867132867 0.22007168458781362
3 0.7054195804195804 0.310752688172043 0.27972027972027974 0.221505376344086
3 0.4007867132867133 0.1017921146953405 0.2701048951048951 0.2021505376344086
3 0.6708916083916084 0.1017921146953405 0.2701048951048951 0.2021505376344086
3 0.9222027972027972 0.3154121863799283 0.15384615384615385 0.23082437275985662
2 0.13417832167832167 0.1060931899641577 0.2543706293706294 0.210752688172043
2 0.9020979020979021 0.1017921146953405 0.19405594405594406 0.2021505376344086
2 0.9296328671328671 0.5480286738351254 0.14073426573426573 0.24157706093189965
2 0.7255244755244755 0.546594982078853 0.29545454545454547 0.24731182795698925
2 0.7644230769230769 0.8046594982078853 0.32954545454545453 0.26594982078853047
2 0.458479020979021 0.8075268817204301 0.30506993006993005 0.26738351254480286
