3 0.12201154163231658 0.14986498649864985 0.2291838417147568 0.2745274527452745
3 0.36273701566364386 0.14716471647164717 0.247320692497939 0.2691269126912691
3 0.6150041220115416 0.14626462646264626 0.2588623248145095 0.27992799279927993
3 0.8701566364385821 0.15166516651665166 0.25968672712283597 0.27992799279927993
3 0.8722176422093982 0.44194419441944194 0.25556471558120364 0.30423042304230424
3 0.6079967023907668 0.4432943294329433 0.27122835943940643 0.3015301530153015
3 0.3334707337180544 0.4491449144914491 0.27122835943940643 0.30243024302430244
3 0.10387469084913438 0.44599459945994596 0.20610057708161583 0.30873087308730873
3 0.08656224237427865 0.761026102610261 0.17147568013190437 0.3285328532853285
3 0.3227535037098104 0.7619261926192619 0.29101401483924155 0.3177317731773177
3 0.6034624896949712 0.7659765976597659 0.2737015663643858 0.33123312331233123
3 0.8751030502885409 0.7628262826282628 0.24979389942291838 0.3285328532853285
