2 0.1426056338028169 0.06279342723004695 0.06690140845070423 0.12206572769953052
2 0.21214788732394366 0.0636737089201878 0.06690140845070423 0.12147887323943662
2 0.292693661971831 0.07775821596244131 0.06690140845070423 0.12147887323943662
2 0.375 0.09184272300469484 0.06690140845070423 0.12147887323943662
2 0.2891725352112676 0.20803990610328638 0.06690140845070423 0.12147887323943662
2 0.3714788732394366 0.2177230046948357 0.06690140845070423 0.12206572769953052
2 0.4727112676056338 0.0982981220657277 0.08802816901408451 0.12852112676056338
2 0.47337147887323944 0.22769953051643194 0.08846830985915494 0.12910798122065728
2 0.5752640845070423 0.07423708920187794 0.09154929577464789 0.1473004694835681
2 0.5761443661971831 0.22065727699530516 0.09154929577464789 0.14788732394366197
2 0.6747359154929577 0.2347417840375587 0.09154929577464789 0.14788732394366197
2 0.8043573943661972 0.4025821596244131 0.09198943661971831 0.14788732394366197
2 0.39678697183098594 0.7007042253521127 0.1949823943661972 0.3415492957746479
2 0.06712147887323944 0.5892018779342724 0.13336267605633803 0.2734741784037559
