3 0.12440838404327248 0.18374933616569303 0.2325895875591616 0.35262878385554963
3 0.44590939824205544 0.18667020711630375 0.3901284651791751 0.35528412108337754
3 0.12102772143340094 0.5536378120021243 0.22853279242731575 0.37865108868826336
3 0.4503042596348884 0.5533722782793414 0.4124408384043272 0.3813064259160913
3 0.6626098715348208 0.07222517259691981 0.054090601757944556 0.0966542750929368
2 0.6659905341446923 0.18242166755177905 0.060851926977687626 0.11842804036112585
2 0.6680189317106153 0.298194370685077 0.060851926977687626 0.10993096123207646
2 0.6703853955375253 0.41104620286776417 0.06964164976335362 0.11577270313329792
2 0.6774847870182555 0.5318640467339352 0.06220419202163624 0.12267657992565055
2 0.7579445571331981 0.3056293149229952 0.12305611899932387 0.11205523101433881
2 0.7657200811359026 0.41874668082846517 0.12102772143340094 0.10886882634094529
3 0.7728194726166329 0.52947424322889 0.12170385395537525 0.11577270313329792
