2 0.27246732026143794 0.08685661764705882 0.22058823529411764 0.171875
2 0.5465686274509804 0.07919730392156862 0.22630718954248366 0.15778186274509803
2 0.8462009803921569 0.13204656862745098 0.27001633986928103 0.16973039215686275
2 0.8560049019607844 0.3137254901960784 0.27001633986928103 0.16973039215686275
2 0.8733660130718954 0.5122549019607843 0.25326797385620914 0.20833333333333334
2 0.883169934640523 0.7371323529411764 0.23366013071895425 0.2383578431372549
2 0.24979575163398693 0.2743566176470588 0.2332516339869281 0.20189950980392157
2 0.5457516339869282 0.2657781862745098 0.23366013071895425 0.20189950980392157
2 0.2361111111111111 0.48590686274509803 0.26062091503267976 0.2181372549019608
2 0.5549428104575164 0.48131127450980393 0.2610294117647059 0.2181372549019608
2 0.207312091503268 0.7294730392156863 0.2920751633986928 0.2536764705882353
2 0.5580065359477124 0.7261029411764706 0.29248366013071897 0.2536764705882353
