3 0.0958013010053223 0.15229110512129382 0.1904198698994678 0.2866127583108715
3 0.2876995860437611 0.16621743036837378 0.17918391484328802 0.30727762803234504
3 0.48669426374926084 0.16576819407008087 0.2046126552335896 0.30458221024258764
3 0.6853932584269663 0.1729559748427673 0.1916026020106446 0.31536388140161725
3 0.8900059136605559 0.1725067385444744 0.20579538734476643 0.3036837376460018
3 0.8808397397989356 0.48607367475292007 0.19929036073329393 0.31266846361185985
3 0.679183914843288 0.48427672955974843 0.19929036073329393 0.31266846361185985
3 0.4775280898876405 0.48023360287511235 0.19929036073329393 0.31176999101527403
3 0.2740981667652277 0.4739442946990117 0.19929036073329393 0.31176999101527403
3 0.08574807806031934 0.46810422282120395 0.17031342400946187 0.3216531895777179
3 0.08574807806031934 0.7897574123989218 0.17031342400946187 0.3216531895777179
3 0.2610881135422827 0.7996406109613657 0.21466587817859256 0.3198562443845463
3 0.4698403311649912 0.8054806828391734 0.19574216439976347 0.3261455525606469
3 0.6753400354819634 0.8099730458221025 0.20816085156712005 0.32973944294699015
3 0.8861620342992312 0.8081761006289309 0.20875221762270849 0.32973944294699015
