3 0.19970703125 0.14290364583333331 0.1806640625 0.24153645833333331
3 0.1904296875 0.39127604166666663 0.173828125 0.24609375
3 0.37060546875 0.3876953125 0.171875 0.23372395833333331
3 0.54296875 0.1669921875 0.171875 0.23372395833333331
3 0.71484375 0.17415364583333331 0.1513671875 0.22721354166666666
3 0.865966796875 0.18489583333333331 0.15185546875 0.2265625
3 0.8720703125 0.39811197916666663 0.1513671875 0.22721354166666666
3 0.540283203125 0.6233723958333333 0.15185546875 0.22721354166666666
3 0.187744140625 0.6402994791666666 0.16845703125 0.244140625
2 0.381103515625 0.15462239583333331 0.16455078125 0.236328125
2 0.544677734375 0.3994140625 0.16455078125 0.236328125
2 0.714111328125 0.4052734375 0.16455078125 0.236328125
2 0.36572265625 0.6357421875 0.1650390625 0.236328125
2 0.70654296875 0.6344401041666666 0.1650390625 0.236328125
2 0.875732421875 0.6331380208333333 0.16455078125 0.236328125
