2 0.1890909090909091 0.09562841530054644 0.1890909090909091 0.18032786885245902
2 0.3690909090909091 0.10109289617486339 0.16363636363636364 0.1912568306010929
3 0.5527272727272727 0.10109289617486339 0.18181818181818182 0.1912568306010929
2 0.7290909090909091 0.10109289617486339 0.16363636363636364 0.1912568306010929
2 0.9109090909090909 0.3360655737704918 0.1709090909090909 0.2896174863387978
2 0.730909090909091 0.34153005464480873 0.17454545454545456 0.2896174863387978
2 0.5490909090909091 0.34153005464480873 0.17454545454545456 0.2896174863387978
2 0.3709090909090909 0.33879781420765026 0.17454545454545456 0.273224043715847
2 0.18727272727272729 0.3333333333333333 0.1781818181818182 0.273224043715847
2 0.3618181818181818 0.6202185792349727 0.1781818181818182 0.2786885245901639
2 0.5472727272727272 0.6256830601092896 0.1781818181818182 0.2786885245901639
2 0.7290909090909091 0.6284153005464481 0.1781818181818182 0.273224043715847
2 0.9109090909090909 0.6256830601092896 0.1781818181818182 0.2786885245901639
2 0.9109090909090909 0.8797814207650273 0.1781818181818182 0.24043715846994534
2 0.7290909090909091 0.8797814207650273 0.1781818181818182 0.24043715846994534
2 0.5472727272727272 0.8797814207650273 0.1781818181818182 0.24043715846994534
2 0.3654545454545455 0.8797814207650273 0.1781818181818182 0.24043715846994534
3 0.04727272727272727 0.09016393442622951 0.08727272727272728 0.16939890710382513
3 0.04727272727272727 0.32786885245901637 0.08727272727272728 0.29508196721311475
3 0.045454545454545456 0.6174863387978142 0.08363636363636363 0.29508196721311475
3 0.04727272727272727 0.8825136612021858 0.08727272727272728 0.23497267759562843
3 0.18181818181818182 0.8797814207650273 0.18181818181818182 0.22950819672131148
3 0.18363636363636363 0.6147540983606558 0.18545454545454546 0.2786885245901639
3 0.9090909090909091 0.10109289617486339 0.18181818181818182 0.1912568306010929
