3 0.09714100064977257 0.11216931216931218 0.1825860948667966 0.22222222222222224
3 0.2764782326185835 0.11216931216931218 0.1825860948667966 0.22222222222222224
3 0.45614035087719296 0.11216931216931218 0.18193632228719947 0.22222222222222224
3 0.6371020142949967 0.11216931216931218 0.1825860948667966 0.22222222222222224
3 0.8206627680311891 0.11216931216931218 0.18193632228719947 0.22222222222222224
3 0.9541910331384015 0.1142857142857143 0.09161793372319688 0.22645502645502646
3 0.08512020792722547 0.3830687830687831 0.16894087069525665 0.31534391534391537
3 0.2696556205328135 0.38253968253968257 0.18453541260558803 0.3164021164021164
3 0.6361273554256011 0.3746031746031746 0.18323586744639375 0.308994708994709
3 0.8226120857699805 0.37142857142857144 0.18583495776478232 0.2920634920634921
3 0.08512020792722547 0.7137566137566138 0.16894087069525665 0.3164021164021164
3 0.2586094866796621 0.7068783068783069 0.17024041585445093 0.31534391534391537
3 0.447043534762833 0.7047619047619048 0.19103313840155944 0.3301587301587302
2 0.4580896686159844 0.382010582010582 0.1806367771280052 0.308994708994709
2 0.9593892137751786 0.37671957671957673 0.08122157244964262 0.29629629629629634
