3 0.200439453125 0.10774739583333333 0.20458984375 0.21419270833333331
3 0.41845703125 0.107421875 0.2041015625 0.21354166666666666
3 0.83349609375 0.11067708333333333 0.2041015625 0.21484375
3 0.18701171875 0.40104166666666663 0.216796875 0.328125
3 0.166259765625 0.7711588541666666 0.25146484375 0.412109375
3 0.413330078125 0.7620442708333333 0.24853515625 0.396484375
3 0.657958984375 0.7574869791666666 0.25146484375 0.380859375
3 0.888916015625 0.7633463541666666 0.22119140625 0.3821614583333333
2 0.420166015625 0.39615885416666663 0.22021484375 0.3470052083333333
2 0.6396484375 0.40201822916666663 0.220703125 0.3470052083333333
2 0.859375 0.3958333333333333 0.220703125 0.34765625
2 0.63037109375 0.11751302083333333 0.2021484375 0.23372395833333331
