3 0.118896484375 0.17057291666666666 0.15380859375 0.22916666666666666
3 0.286376953125 0.171875 0.15380859375 0.22916666666666666
3 0.45166015625 0.177734375 0.1533203125 0.22916666666666666
3 0.613525390625 0.18815104166666666 0.15380859375 0.22916666666666666
3 0.777099609375 0.18684895833333331 0.15380859375 0.22916666666666666
3 0.101806640625 0.3958333333333333 0.15380859375 0.22916666666666666
3 0.272705078125 0.39713541666666663 0.15380859375 0.22916666666666666
3 0.439697265625 0.4075520833333333 0.15380859375 0.22916666666666666
3 0.60888671875 0.40885416666666663 0.1533203125 0.22916666666666666
3 0.778076171875 0.412109375 0.15380859375 0.22916666666666666
3 0.084716796875 0.62109375 0.15380859375 0.22916666666666666
3 0.251708984375 0.6295572916666666 0.15380859375 0.22916666666666666
3 0.427978515625 0.6451822916666666 0.15380859375 0.22916666666666666
3 0.602294921875 0.6438802083333333 0.15380859375 0.22916666666666666
3 0.771484375 0.6399739583333333 0.1533203125 0.22916666666666666
