3 0.18551007147498375 0.11481481481481483 0.1838856400259909 0.2253968253968254
3 0.36744639376218324 0.11216931216931218 0.1695906432748538 0.22222222222222224
3 0.5458089668615984 0.11322751322751323 0.1806367771280052 0.22433862433862437
2 0.5519818063677713 0.3793650793650794 0.18778427550357374 0.3037037037037037
3 0.7309941520467835 0.11322751322751323 0.1806367771280052 0.22433862433862437
2 0.048408057179987 0.37619047619047624 0.09551656920077972 0.3058201058201058
3 0.906107862248213 0.11322751322751323 0.17998700454840805 0.22433862433862437
3 0.9155295646523716 0.3793650793650794 0.16894087069525665 0.3037037037037037
3 0.9239766081871345 0.7037037037037037 0.15204678362573099 0.33650793650793653
3 0.7498375568551007 0.7026455026455027 0.19883040935672514 0.3343915343915344
3 0.5591293047433398 0.7052910052910053 0.19948018193632228 0.33333333333333337
3 0.7342430149447693 0.37513227513227515 0.18193632228719947 0.2994708994708995
3 0.3641975308641975 0.3867724867724868 0.1825860948667966 0.2994708994708995
3 0.1806367771280052 0.38253968253968257 0.18193632228719947 0.2994708994708995
