3 0.1560846560846561 0.15603328710124828 0.28253968253968254 0.30929264909847437
3 0.42010582010582015 0.15811373092926492 0.26666666666666666 0.31345353675450766
3 0.6888888888888889 0.15811373092926492 0.26666666666666666 0.31345353675450766
3 0.917989417989418 0.15880721220527047 0.16402116402116404 0.31484049930651875
3 0.9142857142857144 0.4958391123439667 0.17142857142857143 0.34812760055478503
3 0.9137566137566138 0.8335644937586686 0.1724867724867725 0.332871012482663
3 0.6857142857142857 0.8335644937586686 0.2814814814814815 0.332871012482663
3 0.4031746031746032 0.8335644937586686 0.2814814814814815 0.332871012482663
3 0.4105820105820106 0.49375866851595007 0.2941798941798942 0.34674063800277394
3 0.13650793650793652 0.492371705963939 0.2708994708994709 0.34951456310679613
2 0.12645502645502646 0.8356449375866852 0.2507936507936508 0.3287101248266297
2 0.6894179894179895 0.4930651872399445 0.2698412698412699 0.3564493758668516
