3 0.18603515625 0.2112887112887113 0.1787109375 0.19480519480519481
3 0.18603515625 0.4005994005994006 0.1787109375 0.1938061938061938
3 0.18505859375 0.5914085914085914 0.1787109375 0.1938061938061938
3 0.18603515625 0.7802197802197802 0.1787109375 0.1938061938061938
3 0.36181640625 0.7772227772227772 0.1650390625 0.1838161838161838
3 0.361328125 0.5899100899100899 0.166015625 0.18281718281718282
3 0.35791015625 0.4025974025974026 0.1650390625 0.1838161838161838
3 0.35888671875 0.21178821178821178 0.1650390625 0.1838161838161838
3 0.53515625 0.21678321678321677 0.166015625 0.1838161838161838
3 0.5361328125 0.4065934065934066 0.166015625 0.1838161838161838
3 0.53271484375 0.7797202797202797 0.1650390625 0.18281718281718282
3 0.70947265625 0.7822177822177823 0.1650390625 0.1838161838161838
3 0.7099609375 0.5974025974025974 0.166015625 0.1838161838161838
3 0.7119140625 0.22327672327672327 0.173828125 0.19080919080919082
3 0.89013671875 0.21978021978021978 0.1728515625 0.18981018981018982
3 0.88671875 0.5989010989010989 0.173828125 0.19080919080919082
3 0.884765625 0.7852147852147852 0.173828125 0.18981018981018982
3 0.884765625 0.938061938061938 0.177734375 0.12387612387612387
3 0.541015625 0.938061938061938 0.177734375 0.12387612387612387
3 0.048828125 0.938061938061938 0.095703125 0.12387612387612387
3 0.048828125 0.5879120879120879 0.095703125 0.1848151848151848
3 0.048828125 0.4005994005994006 0.095703125 0.17782217782217782
3 0.048828125 0.2122877122877123 0.095703125 0.1848151848151848
3 0.04833984375 0.05844155844155844 0.0947265625 0.11488511488511488
3 0.18359375 0.061938061938061936 0.177734375 0.12187812187812187
3 0.537109375 0.061938061938061936 0.177734375 0.12187812187812187
3 0.890625 0.061938061938061936 0.177734375 0.12187812187812187
2 0.36181640625 0.06243756243756244 0.1689453125 0.12287712287712288
2 0.71240234375 0.06143856143856144 0.1689453125 0.12087912087912088
2 0.8857421875 0.4065934065934066 0.171875 0.1878121878121878
2 0.7109375 0.41058941058941056 0.171875 0.1878121878121878
2 0.5361328125 0.5924075924075924 0.171875 0.1878121878121878
2 0.046875 0.7757242757242757 0.091796875 0.1848151848151848
2 0.18603515625 0.938061938061938 0.1689453125 0.12187812187812187
2 0.35986328125 0.9385614385614386 0.1689453125 0.12287712287712288
2 0.7109375 0.9385614385614386 0.16796875 0.12287712287712288
