2 0.35918209876543206 0.4696502057613169 0.054783950617283944 0.08127572016460906
2 0.4193672839506173 0.4729938271604939 0.054783950617283944 0.08179012345679013
2 0.4845679012345679 0.4763374485596708 0.054783950617283944 0.08127572016460906
2 0.4274691358024691 0.39583333333333337 0.054783950617283944 0.08179012345679013
2 0.4845679012345679 0.40123456790123463 0.054783950617283944 0.08127572016460906
2 0.3568672839506173 0.5460390946502058 0.054783950617283944 0.08179012345679013
2 0.35127314814814814 0.6286008230452675 0.05439814814814815 0.08127572016460906
2 0.41473765432098764 0.5524691358024691 0.054783950617283944 0.08127572016460906
2 0.47993827160493824 0.5558127572016461 0.054783950617283944 0.08179012345679013
2 0.4116512345679012 0.6298868312757202 0.054783950617283944 0.08179012345679013
2 0.4837962962962963 0.6412037037037037 0.05632716049382716 0.0859053497942387
2 0.5586419753086419 0.6337448559670782 0.05632716049382716 0.08539094650205763
2 0.5497685185185185 0.36908436213991774 0.05632716049382716 0.0859053497942387
2 0.5474537037037037 0.45601851851851855 0.05632716049382716 0.0859053497942387
2 0.6107253086419753 0.407664609053498 0.05632716049382716 0.0859053497942387
2 0.6116898148148148 0.48173868312757206 0.05594135802469136 0.0859053497942387
2 0.6801697530864197 0.37577160493827166 0.05632716049382716 0.0859053497942387
2 0.7403549382716049 0.40895061728395066 0.05632716049382716 0.08539094650205763
2 0.7411265432098765 0.485082304526749 0.05632716049382716 0.08539094650205763
2 0.6743827160493827 0.4606481481481482 0.05632716049382716 0.0859053497942387
2 0.6720679012345678 0.5516975308641976 0.05632716049382716 0.0859053497942387
2 0.7341820987654321 0.5676440329218108 0.05632716049382716 0.0859053497942387
