3 0.3388235294117647 0.0726950354609929 0.14588235294117646 0.13829787234042554
3 0.4729411764705882 0.10283687943262411 0.13176470588235292 0.19858156028368795
3 0.588235294117647 0.12234042553191489 0.10352941176470587 0.23758865248226949
3 0.33999999999999997 0.2624113475177305 0.14352941176470588 0.2765957446808511
3 0.34117647058823525 0.5390070921985816 0.14588235294117646 0.2907801418439716
3 0.33999999999999997 0.8351063829787234 0.1576470588235294 0.28723404255319146
3 0.47529411764705876 0.29609929078014185 0.13176470588235292 0.2730496453900709
3 0.47764705882352937 0.5549645390070922 0.13176470588235292 0.2730496453900709
3 0.48470588235294115 0.8297872340425532 0.13176470588235292 0.2695035460992908
3 0.5929411764705882 0.33865248226950356 0.10352941176470587 0.24468085106382978
3 0.5988235294117646 0.8191489361702128 0.10588235294117646 0.2624113475177305
3 0.688235294117647 0.36879432624113473 0.0776470588235294 0.21985815602836878
3 0.6929411764705882 0.5851063829787234 0.08705882352941176 0.21985815602836878
3 0.6941176470588235 0.8138297872340425 0.08941176470588234 0.23758865248226949
3 0.7823529411764705 0.8067375886524822 0.08235294117647059 0.20921985815602837
3 0.7752941176470588 0.601063829787234 0.08235294117647059 0.20921985815602837
3 0.7658823529411765 0.3953900709219858 0.07294117647058823 0.20212765957446807
3 0.84 0.41843971631205673 0.07058823529411765 0.2127659574468085
3 0.8458823529411764 0.6046099290780141 0.07294117647058823 0.18085106382978722
3 0.8470588235294116 0.8067375886524822 0.051764705882352935 0.20212765957446807
3 0.16588235294117645 0.8333333333333333 0.19058823529411764 0.326241134751773
2 0.5929411764705882 0.5726950354609929 0.10823529411764705 0.25177304964539005
