3 0.43636363636363634 0.037197231833910036 0.12727272727272726 0.07093425605536333
3 0.5636363636363636 0.037197231833910036 0.12727272727272726 0.07093425605536333
3 0.6896103896103896 0.037197231833910036 0.12727272727272726 0.07093425605536333
3 0.8168831168831169 0.037197231833910036 0.12727272727272726 0.07093425605536333
3 0.9422077922077922 0.03633217993079585 0.11558441558441558 0.06920415224913495
3 0.43766233766233764 0.16262975778546712 0.12987012987012986 0.17301038062283738
3 0.5636363636363636 0.16089965397923875 0.12987012987012986 0.17301038062283738
3 0.6909090909090909 0.16003460207612458 0.12987012987012986 0.17474048442906576
3 0.8194805194805195 0.1583044982698962 0.12987012987012986 0.17474048442906576
3 0.9435064935064935 0.1643598615916955 0.11298701298701298 0.17993079584775087
3 0.9467532467532468 0.342560553633218 0.10649350649350649 0.18339100346020762
3 0.8272727272727273 0.3382352941176471 0.12727272727272726 0.19204152249134948
3 0.6948051948051948 0.3416955017301038 0.12727272727272726 0.19204152249134948
3 0.5668831168831169 0.342560553633218 0.12857142857142856 0.18339100346020762
3 0.4357142857142857 0.342560553633218 0.12857142857142856 0.18339100346020762
3 0.2597402597402597 0.35207612456747406 0.12987012987012986 0.185121107266436
3 0.4344155844155844 0.5259515570934257 0.12857142857142856 0.18339100346020762
3 0.5675324675324676 0.527681660899654 0.12987012987012986 0.18339100346020762
3 0.6961038961038961 0.5294117647058824 0.12987012987012986 0.18339100346020762
3 0.8318181818181818 0.5259515570934257 0.12857142857142856 0.18339100346020762
3 0.9487012987012987 0.5250865051903114 0.1025974025974026 0.18858131487889274
3 0.9512987012987013 0.7102076124567475 0.09740259740259741 0.18166089965397925
3 0.837012987012987 0.71280276816609 0.12857142857142856 0.18685121107266436
3 0.7032467532467532 0.7110726643598616 0.12857142857142856 0.18685121107266436
3 0.5707792207792208 0.71280276816609 0.12857142857142856 0.18685121107266436
3 0.4409090909090909 0.7110726643598616 0.12857142857142856 0.18685121107266436
3 0.44025974025974024 0.8944636678200693 0.12987012987012986 0.18685121107266436
3 0.5714285714285714 0.8944636678200693 0.12987012987012986 0.18685121107266436
3 0.7051948051948052 0.8927335640138409 0.12987012987012986 0.18685121107266436
3 0.8357142857142857 0.8927335640138409 0.12857142857142856 0.18685121107266436
3 0.9487012987012987 0.8927335640138409 0.1025974025974026 0.1903114186851211
