3 0.14269141531322507 0.058865757358219674 0.1956689868522815 0.11629576453697058
3 0.5421500386697603 0.058865757358219674 0.19644238205723125 0.11629576453697058
3 0.7440061871616397 0.05778894472361809 0.20417633410672856 0.11414213926776741
3 0.7652745552977572 0.20531227566403445 0.2266047950502707 0.18377602297200288
3 0.5498839907192575 0.20782483847810482 0.2134570765661253 0.18449389806173727
3 0.3522815158546017 0.20782483847810482 0.19721577726218098 0.18449389806173727
3 0.13959783449342614 0.20567121320890167 0.20340293890177882 0.18305814788226848
3 0.13959783449342614 0.3969849246231156 0.20649651972157773 0.1981335247666906
3 0.35344160866202634 0.4005743000717875 0.205723124516628 0.1981335247666906
3 0.5726991492652745 0.3973438621679828 0.21732405259087395 0.19454414931801867
3 0.7807424593967518 0.3905240488155061 0.21732405259087395 0.19382627422828427
3 0.8093580819798918 0.6008614501076813 0.2420726991492653 0.21823402727925342
3 0.582753286929621 0.6019382627422829 0.2420726991492653 0.21751615218951903
3 0.139984532095901 0.6001435750179469 0.22583139984532097 0.21679827709978464
3 0.3700696055684455 0.8194544149318019 0.2296983758700696 0.22182340272792536
3 0.5974477958236659 0.8180186647523331 0.2296983758700696 0.22182340272792536
3 0.8279195668986853 0.8201722900215362 0.2296983758700696 0.22182340272792536
2 0.360015467904099 0.6033740129217516 0.22505800464037123 0.21751615218951903
