2 0.16261615439599714 0.10247349823321554 0.2537526804860615 0.20353356890459362
2 0.410650464617584 0.34275618374558303 0.2365975696926376 0.24734982332155475
2 0.6515368120085776 0.3484098939929329 0.2365975696926376 0.24734982332155475
2 0.6515368120085776 0.5992932862190813 0.2365975696926376 0.24734982332155475
2 0.8817012151536813 0.6007067137809187 0.2365975696926376 0.24734982332155475
2 0.1529664045746962 0.6045936395759717 0.2558970693352395 0.2636042402826855
3 0.416011436740529 0.10459363957597173 0.24160114367405292 0.207773851590106
3 0.6497498213009293 0.111660777385159 0.23016440314510364 0.22190812720848055
3 0.8795568263045033 0.12049469964664311 0.2208720514653324 0.23957597173144876
3 0.8895639742673338 0.35053003533568905 0.2208720514653324 0.24028268551236748
3 0.40886347390993566 0.5996466431095406 0.24588992137240887 0.26219081272084804
3 0.1551107934238742 0.33533568904593636 0.24588992137240887 0.26219081272084804
