3 0.1261335531739489 0.1467146714671467 0.247320692497939 0.27002700270027
3 0.12530915086562242 0.4347434743474347 0.24896949711459193 0.3096309630963096
3 0.1261335531739489 0.7628262826282628 0.25061830173124483 0.33753375337533753
3 0.39818631492168177 0.7646264626462645 0.2885408079142622 0.3339333933393339
3 0.6830173124484749 0.7637263726372637 0.2877164056059357 0.3339333933393339
3 0.9146743610882111 0.7628262826282628 0.169002473206925 0.3285328532853285
3 0.8920032976092334 0.44599459945994596 0.2159934047815334 0.3051305130513051
3 0.6574608408903545 0.44194419441944194 0.281121187139324 0.30423042304230424
3 0.39159109645507006 0.44194419441944194 0.28194558944765047 0.30423042304230424
3 0.3854080791426216 0.15076507650765075 0.2662819455894477 0.28172817281728174
3 0.6471558120362737 0.1557155715571557 0.25721352019785654 0.2916291629162916
3 0.887881286067601 0.15076507650765075 0.2225886232481451 0.2763276327632763
