3 0.49272727272727274 0.3251366120218579 0.05454545454545454 0.08196721311475409
3 0.5454545454545454 0.31693989071038253 0.06545454545454546 0.09836065573770492
3 0.4890909090909091 0.41530054644808745 0.06181818181818182 0.09836065573770492
3 0.5472727272727272 0.40710382513661203 0.05454545454545454 0.08196721311475409
3 0.48545454545454547 0.505464480874317 0.05454545454545454 0.08196721311475409
3 0.5472727272727272 0.5027322404371585 0.05454545454545454 0.09836065573770492
3 0.6127272727272727 0.5027322404371585 0.06181818181818182 0.09836065573770492
3 0.6745454545454546 0.5 0.06181818181818182 0.10382513661202186
3 0.7436363636363637 0.4890710382513661 0.06909090909090909 0.09289617486338798
3 0.8163636363636364 0.48633879781420764 0.06181818181818182 0.1092896174863388
3 0.8145454545454546 0.592896174863388 0.06545454545454546 0.11475409836065574
3 0.8163636363636364 0.6994535519125683 0.07636363636363637 0.09836065573770492
3 0.7472727272727273 0.5956284153005464 0.07636363636363637 0.12021857923497267
3 0.6727272727272727 0.5983606557377049 0.06545454545454546 0.10382513661202186
3 0.6072727272727273 0.5956284153005464 0.05818181818181818 0.08743169398907104
3 0.5472727272727272 0.5983606557377049 0.06181818181818182 0.10382513661202186
3 0.4890909090909091 0.5956284153005464 0.05454545454545454 0.09836065573770492
3 0.49272727272727274 0.6912568306010929 0.05454545454545454 0.09289617486338798
3 0.5490909090909091 0.6885245901639344 0.06545454545454546 0.09836065573770492
2 0.6418181818181818 0.7103825136612022 0.06909090909090909 0.12021857923497267
