3 0.45703125 0.25244140625 0.36979166666666663 0.3203125
3 0.4690755208333333 0.5859375 0.38736979166666663 0.3388671875
3 0.13541666666666666 0.588623046875 0.26953125 0.34130859375
3 0.13444010416666666 0.253662109375 0.267578125 0.32470703125
2 0.6744791666666666 0.2451171875 0.06510416666666666 0.09765625
2 0.6783854166666666 0.353515625 0.06510416666666666 0.09765625
2 0.6868489583333333 0.4609375 0.06380208333333333 0.103515625
2 0.685546875 0.57275390625 0.06380208333333333 0.103515625
2 0.7711588541666666 0.460693359375 0.115234375 0.10400390625
2 0.7682291666666666 0.360595703125 0.11458333333333333 0.10400390625
3 0.6728515625 0.141845703125 0.05794270833333333 0.09130859375
3 0.7740885416666666 0.564208984375 0.109375 0.10498046875
