2 0.212158203125 0.13802083333333331 0.18798828125 0.26041666666666663
2 0.411865234375 0.15104166666666666 0.18798828125 0.26041666666666663
2 0.6171875 0.13802083333333331 0.1884765625 0.26041666666666663
2 0.823974609375 0.13411458333333331 0.18798828125 0.26041666666666663
2 0.82861328125 0.40787760416666663 0.19140625 0.2845052083333333
2 0.6181640625 0.41861979166666663 0.19140625 0.28515625
2 0.40380859375 0.419921875 0.19140625 0.28515625
2 0.1982421875 0.416015625 0.19140625 0.28515625
2 0.18115234375 0.7093098958333333 0.19921875 0.294921875
2 0.6142578125 0.7151692708333333 0.19921875 0.294921875
2 0.839599609375 0.6969401041666666 0.21728515625 0.28971354166666663
3 0.40234375 0.7213541666666666 0.1953125 0.2890625
