2 0.28758169934640526 0.22579656862745098 0.21568627450980393 0.19056372549019607
2 0.2792075163398693 0.4365808823529412 0.24142156862745098 0.21875
2 0.2675653594771242 0.671109068627451 0.25571895424836605 0.24295343137254902
2 0.5939542483660131 0.6859681372549019 0.27941176470588236 0.22242647058823528
2 0.5906862745098039 0.46400122549019607 0.27941176470588236 0.22212009803921567
2 0.5874183006535948 0.26317401960784315 0.26062091503267976 0.1868872549019608
2 0.5857843137254902 0.08409926470588235 0.25 0.16758578431372548
2 0.8960375816993464 0.6757046568627451 0.20710784313725492 0.27481617647058826
2 0.7606209150326798 0.24708946078431374 0.12254901960784315 0.09037990196078431
2 0.7712418300653595 0.34175857843137253 0.12254901960784315 0.09037990196078431
2 0.7794117647058824 0.45006127450980393 0.12254901960784315 0.0900735294117647
