3 0.07883597883597884 0.15533980582524273 0.15343915343915346 0.3023578363384189
3 0.3058201058201058 0.15672676837725383 0.27936507936507937 0.31067961165048547
3 0.5846560846560847 0.15672676837725383 0.27830687830687834 0.31067961165048547
3 0.8402116402116403 0.15672676837725383 0.28571428571428575 0.31067961165048547
3 0.8677248677248678 0.49653259361997226 0.2645502645502646 0.3578363384188627
3 0.58994708994709 0.4944521497919556 0.29100529100529104 0.3509015256588072
3 0.08465608465608467 0.49375866851595007 0.1671957671957672 0.3550624133148405
3 0.08994708994708996 0.8363384188626908 0.17777777777777778 0.3273231622746186
3 0.3164021164021164 0.8363384188626908 0.28571428571428575 0.3273231622746186
3 0.5968253968253968 0.8363384188626908 0.28571428571428575 0.3273231622746186
2 0.308994708994709 0.4972260748959778 0.28571428571428575 0.361997226074896
2 0.8714285714285714 0.8356449375866852 0.2571428571428572 0.3287101248266297
