3 0.4340277777777778 0.2624080882352941 0.1090686274509804 0.08670343137254902
3 0.4309640522875817 0.3553921568627451 0.10866013071895425 0.08700980392156862
3 0.43014705882352944 0.44837622549019607 0.10866013071895425 0.08670343137254902
3 0.5541258169934641 0.265625 0.1090686274509804 0.08700980392156862
3 0.5578022875816994 0.35860906862745096 0.1090686274509804 0.08670343137254902
3 0.5569852941176471 0.4499080882352941 0.1090686274509804 0.08670343137254902
3 0.8276143790849674 0.4488357843137255 0.11601307189542484 0.09191176470588235
3 0.43157679738562094 0.5500919117647058 0.12295751633986929 0.09712009803921569
3 0.4375 0.6582414215686274 0.12254901960784315 0.09712009803921569
3 0.5639297385620915 0.5503982843137255 0.12295751633986929 0.09712009803921569
3 0.565359477124183 0.6536458333333334 0.12254901960784315 0.09712009803921569
3 0.8368055555555556 0.5458026960784313 0.12295751633986929 0.09712009803921569
3 0.8539624183006537 0.6496629901960784 0.13112745098039216 0.11550245098039215
