3 0.3312937062937063 0.0996415770609319 0.291958041958042 0.1935483870967742
3 0.6097027972027972 0.0992831541218638 0.2526223776223776 0.1971326164874552
3 0.8592657342657343 0.3207885304659498 0.28146853146853146 0.22007168458781362
3 0.5795454545454546 0.31362007168458783 0.30594405594405594 0.23154121863799282
3 0.3098776223776224 0.31218637992831544 0.28059440559440557 0.22867383512544803
3 0.08129370629370629 0.3154121863799283 0.16083916083916083 0.22795698924731184
3 0.5590034965034965 0.5494623655913978 0.2928321678321678 0.25017921146953404
3 0.853583916083916 0.556989247311828 0.2928321678321678 0.25089605734767023
3 0.8461538461538461 0.810752688172043 0.3076923076923077 0.26666666666666666
2 0.08741258741258741 0.1010752688172043 0.17307692307692307 0.19498207885304658
2 0.8666958041958042 0.10501792114695341 0.2666083916083916 0.2086021505376344
2 0.2749125874125874 0.5530465949820789 0.3103146853146853 0.24157706093189965
2 0.2381993006993007 0.8025089605734766 0.33653846153846156 0.2616487455197133
2 0.23645104895104896 0.8010752688172043 0.33653846153846156 0.2616487455197133
2 0.5336538461538461 0.8093189964157707 0.30157342657342656 0.26666666666666666
