2 0.7540849673202614 0.18673406862745098 0.2679738562091503 0.19393382352941177
2 0.7591911764705883 0.39568014705882354 0.2798202614379085 0.2184436274509804
2 0.7653186274509804 0.6197916666666666 0.2798202614379085 0.21875
2 0.43280228758169936 0.6037071078431372 0.2790032679738562 0.25214460784313725
2 0.11621732026143791 0.610906862745098 0.23161764705882354 0.21691176470588236
2 0.11621732026143791 0.3988970588235294 0.23161764705882354 0.21691176470588236
2 0.12540849673202614 0.19806985294117646 0.24019607843137256 0.18841911764705882
2 0.5030637254901961 0.1841299019607843 0.10661764705882354 0.09681372549019608
2 0.5046977124183006 0.2856924019607843 0.10661764705882354 0.09712009803921569
2 0.5108251633986928 0.38893995098039214 0.10661764705882354 0.09712009803921569
