2 0.11434659090909091 0.4065563725490196 0.14387175324675325 0.25919117647058826
2 0.09912743506493507 0.6983762254901961 0.14387175324675325 0.25888480392156865
2 0.2648133116883117 0.7144607843137255 0.14407467532467533 0.25919117647058826
2 0.2699878246753247 0.4298406862745098 0.14387175324675325 0.25919117647058826
2 0.45576298701298706 0.11075367647058823 0.1546266233766234 0.22089460784313725
2 0.4474431818181818 0.38174019607843135 0.16030844155844157 0.2977941176470588
2 0.6272321428571429 0.10294117647058823 0.15868506493506496 0.19240196078431374
2 0.44450081168831174 0.7015931372549019 0.15888798701298704 0.30943627450980393
2 0.8153409090909092 0.13082107843137256 0.17694805194805197 0.2420343137254902
2 0.6267248376623377 0.3751531862745098 0.15888798701298704 0.3091299019607843
2 0.6244926948051949 0.7086397058823529 0.15888798701298704 0.30943627450980393
2 0.8211241883116883 0.4221813725490196 0.1913555194805195 0.29473039215686275
2 0.8261972402597403 0.7279411764705882 0.1913555194805195 0.29473039215686275
