3 0.5557809330628803 0.1842804036112586 0.3881000676132522 0.34306956983536907
3 0.5601757944557133 0.5499203398831651 0.40229885057471265 0.3818374933616569
3 0.8820148749154835 0.5499203398831651 0.2359702501690331 0.37652681890600104
3 0.8782961460446247 0.18401486988847582 0.2434077079107505 0.35209771640998405
2 0.24475997295469912 0.30297397769516726 0.11899932386747802 0.10886882634094529
2 0.2434077079107505 0.41184280403611256 0.11899932386747802 0.10886882634094529
3 0.23326572008113589 0.5273499734466277 0.1257606490872211 0.11789697291556027
2 0.3407707910750507 0.1845459373340414 0.06626098715348208 0.11736590546999467
2 0.3394185260311021 0.2973977695167286 0.06626098715348208 0.11789697291556027
2 0.3265720081135903 0.4129049389272437 0.06626098715348208 0.11736590546999467
2 0.3286004056795132 0.5310674455655868 0.06626098715348208 0.11789697291556027
3 0.3424611223799865 0.0724907063197026 0.06288032454361055 0.10355815188528943
