2 0.211181640625 0.193359375 0.21533203125 0.31901041666666663
2 0.427490234375 0.15006510416666666 0.20556640625 0.298828125
2 0.635009765625 0.15006510416666666 0.20556640625 0.298828125
2 0.822021484375 0.15006510416666666 0.20556640625 0.298828125
2 0.848388671875 0.45963541666666663 0.20556640625 0.29947916666666663
2 0.635986328125 0.4534505208333333 0.20556640625 0.3001302083333333
2 0.425048828125 0.447265625 0.20556640625 0.29947916666666663
2 0.204833984375 0.5003255208333333 0.21337890625 0.302734375
2 0.19677734375 0.822265625 0.2138671875 0.3020833333333333
2 0.42919921875 0.7932942708333333 0.2099609375 0.32486979166666663
2 0.64892578125 0.7897135416666666 0.2099609375 0.32421875
2 0.861328125 0.7809244791666666 0.2099609375 0.32486979166666663
