3 0.10201612903225807 0.20551181102362204 0.19919354838709677 0.3952755905511811
3 0.1 0.5992125984251968 0.19838709677419356 0.3952755905511811
3 0.31290322580645163 0.5968503937007874 0.21935483870967742 0.40629921259842516
3 0.532258064516129 0.5937007874015748 0.21935483870967742 0.40629921259842516
3 0.7495967741935484 0.5881889763779528 0.21854838709677418 0.4047244094488189
3 0.7258064516129032 0.18976377952755905 0.22741935483870968 0.3763779527559055
3 0.5112903225806451 0.18818897637795276 0.2129032258064516 0.3732283464566929
3 0.10201612903225807 0.8984251968503937 0.20241935483870968 0.20314960629921258
3 0.3233870967741935 0.8984251968503937 0.21451612903225806 0.20314960629921258
3 0.5467741935483871 0.8984251968503937 0.21451612903225806 0.20314960629921258
3 0.760483870967742 0.8984251968503937 0.21451612903225806 0.20314960629921258
2 0.307258064516129 0.19685039370078738 0.2 0.368503937007874
