2 0.228271484375 0.12337239583333333 0.21337890625 0.236328125
2 0.4482421875 0.130859375 0.197265625 0.26041666666666663
2 0.66162109375 0.17545572916666666 0.193359375 0.3352864583333333
2 0.218994140625 0.4241536458333333 0.21435546875 0.3391927083333333
2 0.214111328125 0.7972005208333333 0.22802734375 0.369140625
2 0.449462890625 0.4423828125 0.21435546875 0.3391927083333333
2 0.453857421875 0.7880859375 0.21435546875 0.3391927083333333
2 0.8681640625 0.22005208333333331 0.1962890625 0.2890625
2 0.676513671875 0.48697916666666663 0.21826171875 0.2903645833333333
2 0.88720703125 0.4934895833333333 0.1962890625 0.2890625
2 0.897216796875 0.7998046875 0.20361328125 0.30143229166666663
2 0.677001953125 0.798828125 0.21435546875 0.33854166666666663
