2 0.38545454545454544 0.6366120218579235 0.11636363636363636 0.1912568306010929
2 0.38727272727272727 0.8114754098360656 0.11272727272727273 0.1912568306010929
2 0.6472727272727272 0.5409836065573771 0.07272727272727272 0.13114754098360656
2 0.6454545454545455 0.40437158469945356 0.07636363636363637 0.13114754098360656
2 0.6436363636363637 0.26229508196721313 0.07272727272727272 0.13114754098360656
3 0.38727272727272727 0.45081967213114754 0.12 0.18032786885245902
3 0.6472727272727272 0.6775956284153005 0.08727272727272728 0.13114754098360656
3 0.649090909090909 0.8087431693989071 0.07636363636363637 0.13114754098360656
3 0.5690909090909091 0.8142076502732241 0.07636363636363637 0.13114754098360656
3 0.5727272727272728 0.6775956284153005 0.07636363636363637 0.13114754098360656
3 0.5727272727272728 0.5437158469945356 0.07636363636363637 0.12568306010928962
3 0.5727272727272728 0.40710382513661203 0.07636363636363637 0.12568306010928962
