2 0.39903846153846156 0.21404109589041095 0.1903846153846154 0.42123287671232873
2 0.2 0.2602739726027397 0.19230769230769232 0.40410958904109584
2 0.601923076923077 0.19006849315068491 0.2 0.3732876712328767
2 0.19615384615384618 0.6455479452054794 0.19230769230769232 0.4006849315068493
2 0.5980769230769231 0.583904109589041 0.2076923076923077 0.42123287671232873
2 0.5971153846153846 0.8921232876712328 0.21346153846153848 0.2089041095890411
2 0.051923076923076926 0.6695205479452054 0.1 0.386986301369863
3 0.05673076923076924 0.2842465753424657 0.10961538461538461 0.3698630136986301
3 0.3932692307692308 0.6147260273972602 0.19423076923076923 0.4143835616438356
3 0.8173076923076924 0.5462328767123288 0.2230769230769231 0.4417808219178082
3 0.8173076923076924 0.16952054794520546 0.23076923076923078 0.3321917808219178
3 0.8250000000000001 0.8784246575342465 0.23461538461538461 0.24315068493150682
3 0.38653846153846155 0.9092465753424657 0.2076923076923077 0.1815068493150685
3 0.18846153846153846 0.922945205479452 0.19615384615384618 0.1541095890410959
