3 0.07679826933477556 0.27939835916134914 0.1525148729042726 0.29808568824065634
3 0.2414818820984316 0.27620783956244305 0.17468902109248244 0.2935278030993619
3 0.4159004867495944 0.2889699179580674 0.17414818820984318 0.2935278030993619
3 0.5932936722552732 0.2871467639015497 0.17414818820984318 0.2935278030993619
3 0.9288804759329368 0.288514129443938 0.14223904813412658 0.2944393801276208
3 0.9391563007030829 0.5929808568824065 0.12168739859383451 0.3108477666362808
3 0.9421308815575987 0.8751139471285323 0.1157382368848026 0.2479489516864175
3 0.7931314223904814 0.8755697356426618 0.18550567874526772 0.24886052871467637
3 0.41617090319091404 0.8755697356426618 0.18550567874526772 0.24886052871467637
3 0.22796106003244998 0.8755697356426618 0.18550567874526772 0.24886052871467637
3 0.06679286100594917 0.8755697356426618 0.13250405624661982 0.24886052871467637
3 0.07030827474310439 0.5897903372835004 0.13953488372093023 0.3081130355515041
3 0.2320173066522445 0.5902461257976299 0.18496484586262846 0.3108477666362808
3 0.5935640886965928 0.5984503190519599 0.1844240129799892 0.3108477666362808
3 0.7839372633856139 0.6011850501367365 0.1844240129799892 0.3108477666362808
3 0.41535965386695517 0.06563354603463993 0.18063818280151434 0.12944393801276208
3 0.5922120064899946 0.06927985414767547 0.1687398593834505 0.13673655423883319
3 0.7666306111411575 0.06927985414767547 0.16819902650081126 0.13673655423883319
3 0.9267171444023797 0.0715587967183227 0.14656571119524067 0.14129443938012762
2 0.7760951865873446 0.29398359161349136 0.18388318009734994 0.29808568824065634
2 0.41535965386695517 0.5929808568824065 0.18388318009734994 0.29808568824065634
2 0.6000540832882639 0.8792160437556973 0.18334234721471065 0.2415679124886053
